# fgs12 Felipe Garcia de Souza
# 
# iter 1: 845831600.030461
# iter 2: 2200574424.49809
# iter 3: 4130573564.21437
# iter 4: 9351902915.37078
# iter 5: 28133231146.9816
# iter 6: 78809963623.8967
# iter 7: 108962409118.731
# iter 8: 209407624163.102
# iter 9: 269197849050.36
# iter 10: 454140129386.759
# Residuo: 400700.1875 
# Tempo PC: 1.60669091796875 sec 
# Tempo iter: 0.0021244140625 sec 
# Tempo residuo: 1.65476098632812 sec 
# 
1000
6.94525502716558e-310 6.94525502716558e-310 1.63651933013354e-316 1.63651933013354e-316 -272511.158716239 38415.9336739636 -36178.5282704607 -11470.3175631565 285.915599859288 -12236.2596060814 908237.11202014 7963.26493937139 -16765.4588458422 -55467329155.7682 -36958553606.0437 -33377447916.0516 12921.6789568878 -12377862588.9491 -64433.5947010354 10675.6963832174 13508.903472088 -421019.524325541 1788.29172884624 3178.12499148464 73825.0233472578 -269.931440477049 6508.79712833991 -63174.1677620784 23038.1951442754 23702.6504848382 -4628.47130644148 -341680.686687506 355767.73410375 52485.3293942176 -36105.0876316923 5665.7572111455 -1128.13564365956 -107506.882890716 -14404.1832355201 10748.7567578752 -30853.5150555298 -22274.6848659592 101787.691634628 9754.86814191224 -465394.311445771 15865.3659559966 -62697.6731457742 35646.5119725634 -46170.4378513185 103830.391090772 -147554.224283828 18962.8423827421 33408.8734326401 -72077.7400943429 23628.3253101596 -70065.3839530046 10814.6499133901 15306.074704467 -6263.18287095632 43607.7011713474 -26747.8117047323 32015.8958159105 -555023.597217804 -13265.1168378766 -62266.9197922939 67246.1731352559 -14761.7166993358 -506210.933349557 -13475.2259112661 52835.9035168716 -418238.159904006 47407.3312835787 60634.6208402388 38749.6898453997 -234426.56879198 -17179.6982387346 -401500.110102967 21268.4926449283 42565.7260813588 -8816.20414780583 15384.4613969083 4613.02317859825 14427.8968252558 218.964722278725 -8064.564688604 -6264.3208492843 -2597.59740685225 23210.4743003898 1849.79584688117 25078.9710559001 -529908.208641707 -7888.32142256231 43698.4562265191 -382760.771084726 539586.816913874 -2317.36297162926 -171586.905687432 -89234.0818532189 20715.1442457203 30791.5439717331 -92670.1803355817 28658.8549637666 -262820.792935169 19363.6619764158 -8852.58813695842 88827.524010477 35796.7066597767 1480.25200784148 8755.48520681252 -425010.73625838 535.06798418021 -20437.0283200196 218685.800046969 -159232.308289045 59573.6514677641 -327347.303494808 28510.0579080812 59506.5553589532 58624.4034303645 16635.1599705178 -312006.63690183 47781.5217351877 -56196.5995596823 63943.5889597124 -3038.06601278238 76271.1760734115 -31649.8433127815 20289.8382524269 11455.6261215831 -47130.6070111502 -78334.2589878127 11666.6224201104 34808.7632670285 47534.1987874354 158029.653564615 -40762.0509117433 27863.8600336499 4928.62692068696 -53957.585034743 18548.4363956712 98058.8361527811 627.886252115544 -42028.8775439511 -24915.4218086148 4556.6934655556 86828.8867517771 21962.9488183105 5547.99146826324 -119020.459644267 23727.4813390828 16331.9826867749 2614.96060591787 40917.9883717084 43714.6673347556 1708.17844189843 -268945.86169735 -73726.9020069877 13396.044086007 1243538.25844001 -26820.7476850049 1938075.2353974 -58130.124575442 867393.687747276 -40160.4020110768 35430.705220634 -17630.4257401031 -79536.119910788 11824.3419404392 47305.9909153812 19045.9429813383 -40361.7229604881 -13964.2194855821 -17226.2966062051 -34774.1936135521 -15483.9620521368 8017.05796501101 12350.8222576051 -46721.7791239151 -35266.8332896369 -136114.530038994 -281101.898660621 11295.9985489423 101585.46481402 127928.502164904 -11631.6590550946 -26159.7932137036 -50637.7337151497 60363.034653515 9864.225645698 75106.5955588853 -127761.473747137 -438641.17351704 128875.829418697 -154879.574708055 42703.1307569608 19573.1892986897 10087.7506621644 -169096.960809621 -33449.5365971614 138940.375110451 -118052.482652601 -37451.843976408 324889.119957766 -23207.4926675983 -123614.968124252 -16102.6295616098 10621.7047559632 37235.0689494577 -6871.66047743533 -42003.6593803866 -43616.7176409358 -113395.203528354 -10231.8967529198 55611.3591967942 -53539.9440885509 17722.7353925716 -147894.251640969 18013.8569515129 -7390.26839774398 -22579.6517022682 44795.0586987028 60533.125478593 -107176.148388922 -344024.114784744 22530.014927865 29505.4094666658 108890.744653008 -349124.675246165 3404.25281024149 58377.0384618165 -44796.3233921604 11017.5198437672 -486663.408863575 95194.5395875798 180718.085451206 -295295.490837222 17336.3604379253 26169.4329101763 22066.0726596639 -49916.5625212809 9610.18187815855 -42421.5460862345 67526.9627277057 11218.3450184557 -203450.57371108 76684.5368636669 -441788.400514617 -1144095.85101077 -39261.811308582 85896.2326741515 -68074.2621914155 -42563.7329268609 -71239.4814306232 51937.7372873482 45138.3912845445 -591463.346119996 -216470.162122814 76097.1147158112 119406.227959155 -18237.5585643545 63409.7053721011 -681789.615974104 13722.536869701 -117807.781742714 145885.730097339 -13551.4544731653 -17432.8220612908 40572.1141708085 7053.76032689027 -13448.5427896796 -145237.487319329 9546.03826073507 19370.9971698751 155953.772878959 -356903.140169781 -14838.2784115294 -108125.786680103 9234.66568623703 5892.19120962422 8657.59694270657 -7012.14498883832 10069.3488198401 49751.7575282231 -68323.7394774177 246005.451384016 -451859.025653852 19875.1975220895 2137.5251189593 30341.6604479667 -11638.1456154825 11735.7028947262 27020.6391449926 -188181.418007434 -484588.763536328 -51292.3733151466 34629.2954850353 18273.0136141947 2924.27968037491 -23361.7276545153 -13017.161591652 -12129.8549649517 8418.55516630373 171553.350081861 -64803.7467738302 -100060.278317195 -14164.8636585614 8728.15381807477 -202873.154365925 3286.244241833 -74054.7537531675 19363.9958911119 -119330.899491324 5512.13506700546 37136.0061112142 -8220.38185603366 21730.8836621517 -20000.0817836735 -221334.104178354 -95122.1401277265 -281054.20581182 -1370063.60133368 -520728.152377055 -1505574.18623648 -1469449.97928558 -1484523.98206908 -820409.734718696 75569.7855403205 1641977.82656808 948311.258334342 1557557.89168473 6872814.31091699 796551.634574212 4219755.92238863 1711000.66979399 1765955.00611374 6573425.88958916 5938968.33833527 9118755.44646859 2335517.26246208 3782763.35699598 1983210.03844531 3394391.74013593 2085971.66302024 776816.652710888 -659343.404738182 253293.229145495 -262088.993255462 -613476.288595909 -645049.438165676 -1645133.44183745 -1443467.16603663 -2374047.24258498 -1187342.38006713 -4812663.02924476 -1140597.22132762 -1017416.94633432 -1191139.65602635 -279474.33543645 -467813.411709117 -1005405.99081143 -258800.148107342 -1910906.13915921 -3537816.62716141 -979152.587111033 -579498.031985039 -671420.285126813 -1031926.17579703 4463.89473286823 -1058560.57210252 -352579.727961433 -201749.676773355 -622709.381344682 -336378.521239585 -862154.847829681 -465962.406363269 -327197.411250657 -2175583.52578797 -419226.758609217 -1032422.47922401 267314.40388069 535022.588157837 -314587.816574206 546524.295101919 -952802.364844926 -23788.1681236749 195474.862161584 1849506.74661105 -194318.547657644 -112476.763299029 -798210.569264492 482208.913485797 -516213.837184458 353615.630849395 -2545889.78539114 374547.639564209 -485819.815261734 -551640.384967094 -277732.391431415 -1393955.18130987 -495640.34083127 -1120205.06232013 -2911043.40073564 -1975225.93638759 -4334340.38738139 -3668056.49016069 -2026.55483757515 -774694.386700837 803931.240165126 -931087.989947599 -334303.408254413 128806.8850093 -976443.678556297 -2078079.58987508 -1865872.91233718 -956353.429686394 -1427848.00298559 -1415256.84668627 -454682.38332306 -59831.7558823399 -749930.54796588 -757426.707025862 -379079.195554671 -1125254.65473744 -651542.680728814 -2130421.47424273 -554528.007950251 -1263393.5920369 644424.056445862 -433445.272731264 46043.2444951939 -52401.0342321303 969901.037418208 121307.843691191 2516966.86392297 725684.889461612 376953.970199621 2913230.53839101 1682716.12163197 571856.846303877 100990.837214316 -399167.677704964 -940853.926108316 258585.346631054 -1580412.68671986 306735.258124958 707894.766957906 2199007.65402762 5553621.79074781 1156159.76712259 3658887.43656825 1896030.79327577 14580409.1449599 3095125.83223201 4278029.285 2510859.21834175 633521.272674628 -211573.913568376 78108.2173666169 426784.266214227 1384307.32345839 621394.181776159 277850.347225509 1047961.80426276 256260.324124915 -684616.202838371 -15138.22965715 25946.1271397536 42804.6090698591 43207.1668241744 -671672.005145416 -310197.881153939 -131681.337867907 81331.4350627973 1368.93564926306 -3564.75149329642 12911.4563066738 38118.085384231 -12749.9560057286 -100952.624777521 211386.410321372 -8631.43600204586 -15998.2069921366 -172565.183844534 33817.2422030575 13030.659266301 -578937.661912503 16545.7848320589 66993.8843521544 -452351.509794363 10614.0152266386 34656.476202922 4731.25853797243 -4714.08906983727 -30907.5096533738 -3591.63858243097 59873.1034167264 74748.8364741712 -138485.850070856 -148054.906784984 137857.739745246 24545.3803002872 17888.778695359 -32365.4273068369 -25058.3816207766 9716.76048467354 -9595.25891259424 74088.2699239499 8811.82938558811 48037.9873243285 -214612.727943599 -177767.202847075 31634.0772480186 84019.2120266929 -236385.913722776 1877794.69770998 -98384.8618380431 123747.419086373 15572.8589360371 40707.2518810085 -33913.2328952646 -293043.655339187 24709.0181113459 2422.54543102499 105176.852730874 -307791.030958335 -20684.6096493828 12046.4616033982 -117904.1066316 24960.2765243866 -9448.42329587999 18508.9045477617 8847.41369219716 22490.1209383425 -70649.2187075665 53037.2733617638 15565.108011956 11238.9668755089 17929.3317024195 -197518.213708368 96550.1941695598 -2558.27064996047 1643.20041068746 -171561.128209977 24381.6359672348 22642.7662953266 37478.1896564007 30234.9385187963 -198469.670690347 25760.4051269494 123796.528688802 61896.4193473694 -69378.3262399599 139018.888760378 -380370.071774635 26628.5135305065 60106.8023677621 28233.2050027666 -246384.365305351 51259.6256424005 84825.1724483855 27488.6566567311 112658.971896569 4695.96584897216 -152772.550991717 -55761.1817769904 781.658549738806 1573645.31963748 -409386.933327051 177667.867483463 -35834.9271460766 11457.3228972248 2583.99927147853 3210.01358587713 1945.57758657437 -124542.648336491 33011.2111356749 -58191.157874572 12214.0267166065 59211.616586381 30007.3377253291 39946.388528979 -46633.4661467714 124754.692212623 -134576.520614014 -227015.372098841 -50596.5491421106 115596.836751794 -7753.10535108419 14970.5016264996 -22294.767412646 -11645.6332868744 -39661.8737022905 120068.630389085 -83623.1364457538 -25412.3251290741 4059.07518364073 45795.444531677 81667.1822700026 15284.7194759378 44618.1846646806 1200637.15018881 -102412.740600138 52300.694166566 40939.8464366184 47110.2843542388 25511.3632843028 6016.60901306492 -15346.5335290035 -21856.1140910564 888.781011121083 -10703.9247240315 1860.87798638175 -170444.906109832 41912.9307515384 19645.1829907623 60368.5545403933 -175794.298657775 15415.0203523092 34991.3329405444 23403.1362536553 -18660.4210067412 -30040.2696039588 148962.950492844 -6345.49491545565 29993.4580582978 -149750.400219033 -9526.39285583643 -96857.9796637816 16593.9620432448 -4228.64273174345 -8101.04118475861 -13883.4902973646 -12467.3802757163 -6819.90538262172 4306.85757525417 -5385.34031092591 -12335.9718578313 7701.01492220945 -8859.48744156264 29157.4367821135 -82276.0578727755 -35793.593152791 -366769.05722372 21610.8793522933 24297.9114105489 21825.5534401385 -117475.365659669 -4972.47598068118 3802.32573645884 131079.288580339 -265660.325359142 37504.5237526866 -48243.5656492224 27404.7632167247 27940.3446991793 -23974.1412408027 27504.8224543196 -5637.92260551446 -188425.426641899 -8840.90243759142 9382.75251170206 -136029.025240722 39542.9150511703 -22653.0539476591 190251.985553629 -3483.88090775618 33965.8236128699 2974.84969562135 -85468.0445775461 -124274.335683016 -12826.6406065648 9486.52475489531 48042.8050980601 60954.2692307859 16799.6470734703 -257670.143209723 26152.6918547113 25331.9875242699 57280.0991670292 -4862.21789159589 -153451.932986724 36663.0507626809 8072.56029367483 -4344.32661357158 51694.7335162401 -12433.6949448392 -37136.3260095962 -65280.7495173987 -58121.2249825939 244781.09449778 -55960.4974411261 158731.510911571 -43199.3274261504 -36078.7120480286 52584.2784616527 158735.567322253 -399757.808924199 -223418.401929705 13767.9198494401 157440.898736667 105018.503518895 -72181.8349037664 29174.8352064654 -61529.9086109107 29786.1518547905 -24721.2672470551 4494.22572752612 -12924.2782026479 51052.8700140203 -107380.8585335 15619.5486653587 -11369.2916971301 27136.8963779305 254869.733058251 -479164.250821048 -47186.0766193252 49985.03128045 29025.6450235724 2996.85575020418 13405.5451591395 -15811.6247471369 -71575.0862043831 -10147.3194580159 3763.1308145224 41631.5980094644 -496250.05860657 32496.904476319 -240062.709234039 34973.4455753182 -2272.39388323299 -172275.806783648 -20822.560656732 -113484.42510624 -43670.511777789 -163295.222392021 13751.7873868937 43260.0490640974 179256.116261231 -317424.018364201 16086.7590491567 -417166.072526973 51229.4678363369 127675.923561323 -763549.021009869 -10267.8267497161 42201.4765400386 25929.10008421 -159147.822098645 -6244.87199268284 9235.45404608132 -33791.3486160135 283151.977767312 17569.4429603799 -157211.44440156 -12981.3014869145 9433.29724503069 7196.25972254457 3512.30745905404 -6427.90248935578 2815.74632406826 2431.51647237967 13685.0514315542 -133973.707696348 -15838.5576012862 19537.141480362 119379.052308102 -1956684.27417333 -24198.2896231164 -13822.5866043244 -9159.62677129711 85653.5019418772 73280.176328866 -95071.7587114959 138184.268780887 -1802532.92309217 258689.448416395 894697.537520057 524455.861456373 -250094.110350187 194886.472188034 -491142.137608018 607188.519856993 202346.919847365 -442042.989926035 185405.637731472 -1038119.82010256 -529472.246985413 -374766.508890097 -554221.161943154 251120.466890164 -774645.254501195 -346676.561625146 -98597.277221278 -398054.205989071 -177799.55259166 -123553.522407582 -211721.202084875 -546501.408747014 -366064.619328898 -718132.888281045 -645259.013380545 -4030847.10294817 -1544016.66056842 -978979.491389038 -471601.065044773 -650651.372912775 120868.363232121 119696.325563222 -340161.205266403 -619591.966150382 -2400316.8453984 -471731.087425175 -660384.71796846 -3345512.88936194 -1043948.41254726 -201222.436446689 -413357.112007868 -103520.388484454 -940242.676567176 -2195204.69151826 -548031.166074727 -1755277.55194043 -451234.921434669 -172783.449201559 -2003614.79952448 -1305711.80142933 -836063.697342387 -1328218.46398685 -2079753.14868659 -609185.779353022 -3456596.94067043 -1168043.35570699 -440453.991741009 -669955.855357658 225455.991942981 -2771736.85270059 -401319.908335628 -1109429.80362903 -101998.544060204 188440.723469827 101829.534427822 1047334.7400302 -351679.797091466 -185902.707086795 550600.484057331 -198892.335765869 -1911459.08221579 -261496.289006911 -621942.04155961 -3994555.67040839 38075.7541180733 -606527.677899636 -495622.612565338 -3660800.70933462 -529777.072950069 -886663.275792813 -2152905.09675936 -1458178.28561296 -1858321.7010089 299577.181101364 -157749.75496698 146930.209497897 -116392.106993273 -338912.362549398 -3199001.04922273 -335192.741253396 -472149.639235341 -1322052.74388641 -289406.852820772 -594037.573811735 -685233.648582329 -4855869.76174636 -714040.835427832 -592207.436763398 -635208.523166439 -597945.6391415 -395923.605587873 -299707.585214834 -221151.86376491 -2367750.97114323 628326.96143986 2501568.52243342 2643779.53176727 2759814.1965963 5538216.12914097 1779458.3236181 1193207.33476829 3417281.53685673 1300068.37874602 2267839.70374747 1018422.16073764 -75680.9707060536 -164637.406338112 -679685.34196852 -727168.956721982 -362867.340295564 -2064249.52118021 -2361651.50142081 -1586903.49089562 -3999914.39610311 -2105084.06873209 -2102404.08055908 -527399.955284347 -683269.448730164 -392472.039644003 -396588.34977043 -172761.025853047 -838759.866159596 -911914.319769158 -1440135.34613174 -3109471.26309646 -2152308.6832246 -2482051.79471183 -1191806.82192598 -1914328.45552981 -907385.3645713 165760.799962888 -578873.034206404 -879838.536409071 660613.125672048 321476.763571816 -265701.599223717 -1587.74424271342 -35935.7330267727 -176207.450468115 683198.775698106 -593121.886982286 -480378.253335907 -956644.909778977 -438827.523457209 -3691996.59173298 -1717155.91198124 2831.30557797059 -324939.598575164 -451102.841381169 -2672489.64179988 -432611.036278769 -1253838.2984775 -620680.541921366 -24972.5868014741 -1251394.7861196 -189432.554412371 -407605.838966591 -427724.694635509 -491276.303576208 -197268.595574225 -2489122.8844026 -166589.181640201 -429627.767089185 -1266016.60675351 -1009914.27251434 -511904.476672665 -285178.694664302 -707158.345251324 -1598060.47990176 -410140.513910902 -1503153.04400854 -659154.400811559 -1436380.82852143 -2204353.76617766 -3093112.29869646 593609.733826195 -530636.577466413 362497.254305605 693130.979332403 602605.543044709 -46625.5777861522 -12731.8271131844 -39686.0104465527 -275568.462455848 -810439.78340663 -931697.582119776 -3144461.75543985 248197.145051166 -594460.183737215 -318869.168772907 -223906.892929955 1263807.31181632 756225.168828544 116871.306201063 -629381.860476423 -1730174.2138827 -3505766.52231622 322938.350112869 -582534.512885887 -1501937.92401859 17340.1753969483 -181108.364581714 -483639.256613267 -759717.214929543 -151849.38923927 -337193.362809863 -359514.324407806 -1365272.22578553 -823579.411635006 -1020252.62374361 -671671.837245465 -148047.612922192 -496850.181778989 -400700.182944898 


Erro! Sistema não converge!
