# fgs12 Felipe Garcia de Souza
# 
# iter 1: 1105319.50373064
# iter 2: 476266.216366771
# iter 3: 322712.354640067
# iter 4: 280313.028621883
# iter 5: 339461.594605538
# iter 6: 378891.689276138
# iter 7: 451720.588734205
# iter 8: 486841.966057673
# iter 9: 692707.859392778
# iter 10: 884521.543476982
# Residuo: 1665.33349609375 
# Tempo PC: 0.003324951171875 sec 
# Tempo iter: 4.41162109375e-05 sec 
# Tempo residuo: 0.002888916015625 sec 
# 
128
5.17584751593357e-317 6.92147888040948e-310 5.17430603111854e-317 5.17430603111854e-317 1.15655135557502 2.98494561802908 2.1635660058781 0.917662021969292 -0.140563994454245 1.09649981313455 -0.130656142662641 1.02326438713899 3.06940323774821 -0.112488983389587 1.95807418753186 3.05480119900014 0.827869265639709 0.259518735850777 -1.09635205599129 1.22923339085365 1.15674669055305 38.8354923308614 -2.28887854978726 -0.834697124235166 -2.32174832098335 0.739491554157241 1.11596763038316 0.968632244150218 3.33546289027235 0.365386393337432 -1.46727035929166 -33.183407865879 -0.059891943527866 5.85289596569861 2.71902113014516 0.242566252163728 -2.31237114341344 47.1452002270093 -0.589064770923483 -4.13477028759797 0.221195660348439 5.14719998164582 -0.00782107132679839 0.137911259747791 2.72673973000109 1.03162372641611 -2.53048226875462 0.305722459091621 0.365670269612824 24.7586769684517 1.44467751959723 -3.39799636519941 2.15912439110462 0.877869834571564 2.00099130514686 1.08909405349687 1.1482475268547 0.0501715192093803 0.502723004801123 0.631787910097832 1.76324806752543 0.373485488118005 7.75251358387891 0.575768015732732 16.7403288807847 -1.13483943195808 -0.262419837690432 12.3662544672005 0.440847492455574 2.19353399628694 -3.27883114913212 0.146123429840969 -2.1446077999604 2.44880723327546 33.6243493355654 3.27664638665248 -31.7543417670115 -1.80383509157195 2.59682661520855 1.20324183502128 1.58479497648748 1.23194927533837 0.144449254068132 2.18179628978353 2.56064557107942 1.75747546870474 0.803653732221411 -5.04333144658007 -0.567617162534377 0.273910105649283 17.3830040780227 4.18137084174924 1.76095712928043 -10.3651402042621 -33.0824900588215 0.786348097739919 26.6978258295758 0.932326531142093 0.166128039008208 0.274124711131067 2.62668646919292 0.386103266049277 -0.752496006330306 15.39411809793 -0.305603434536922 5.18566698979675 -1.92301726274206 -0.347767490638878 -10.2118215255241 39.4926883842276 1.59686939825639 -1.99400276559616 -2.48678610716488 2.43278783526748 2.35275001521178 -0.79292063837695 0.740484027016353 -1.00873350136197 1.00704917685757 0.364966816392863 18.7375701298913 5.42429635587312 -9.85497929744655 2.23892142615621 2.74252577279286 8.65825013802711 1.23094587678524 17.7424841951549 


Erro! Sistema não converge!
