# fgs12 Felipe Garcia de Souza
# 
# iter 1: 157832722.170354
# iter 2: 419960783.676214
# iter 3: 1303562184.49289
# iter 4: 2870145874.22598
# iter 5: 9130418250.40289
# iter 6: 27386741077.0068
# iter 7: 31364388576.5485
# iter 8: 93200113948.4785
# iter 9: 142320834830.567
# iter 10: 173050945902.678
# Residuo: 34500784 
# Tempo PC: 0.029072998046875 sec 
# Tempo iter: 0.0001318115234375 sec 
# Tempo residuo: 0.025984130859375 sec 
# 
256
7.88505846116662e-317 6.91873743932188e-310 7.88199920668758e-317 7.88199920668758e-317 -554.086048447313 126.337414544593 -187.333086086306 277.561254193589 160.359097828836 254.455419718355 32.9202089005243 18.3709034269194 136.595154098024 112.07975505578 -766.264368208915 1079.03522204275 109.684270831439 -200.397534992818 -578.024859658813 -98.672403096964 15.9494620363987 2970.50767194064 -277.586347791672 -63.1964078723526 -125.401126474409 112.740422482943 138.028223293052 -171.310931119051 345.349575060228 -520.761059273608 -26.0794775386902 378.590375970228 -4884.33833509924 -1091.04734794792 547.640840677174 176.761888163003 -81.7669675923858 3827.41764185675 68.8050946486503 -367.800838077583 119.027994578204 623.426648326362 -222.099470603992 134.642576062996 -786.957137136438 192.442307719982 387.379091893676 -754.46577096615 345.21729391644 1330.37350681768 -1021.38288149804 167.946747319868 170.673481985287 744.810840099853 -368.60540545232 -1158.64331590207 174.185736068028 72.3461734655724 244.549934567144 40.0768101890155 20.6061287924972 -222.218775659888 77.9690911068378 -218.990327414747 4779.06263647419 -163.577570423991 -469.482857993607 1707.48157759903 280.144505015998 111.065030439537 -1023.86927013154 -51.583580433999 -569.799095911591 -459.335329837097 1367.87404500981 -245.444254130283 2395.12214734083 -544.202637419965 -742.873009920602 -414.830247887907 197.27353193854 202.176155017113 -152.812915087497 -70.3659562742883 -212.63119496513 -70.8277840286099 6.21098901601063 3821.40012310858 618.442452504711 -723.506523706367 944.525084201977 -1475.26855144175 -106.033265833841 23.2045138734905 1336.46319244933 -345.370205723161 2044.41308389818 1269.01042803642 -292.984493662157 -245.136335436944 -229.071967083097 -416.248006667704 3398.32867000054 3736.34682109015 -178.655548202752 99.6839156446419 -378.653108907656 87.8071591956984 -642.525776374276 4180.06094939654 252.422055097947 -470.813348734483 246.817344728119 200.500973272651 -253.541234849155 684.266624081966 154.456265095542 416.110735453886 -190.883051404969 222.493923753519 -2446.0253536344 1993.03485653666 422.89948763504 -578.620979431578 -29.3882305227011 -518.158755933138 246.168424997318 661.76634008659 60.9527471646616 -145.412367598851 -137.342230843856 -606.91991019118 13.2507562855655 1387.43702088483 6143.74798496302 -438.813277054258 -1165.06591169792 -14.9262050977877 225.380703266017 -63.9474909772284 -224.233133168007 98.8595428025244 39.6619436155901 140.234417192222 -160.386126017803 1459.01887040057 538.70575117479 177.396050954103 -601.691169426862 -1280.99832260262 104.768427176916 63.9860630257894 153.140922577654 -464.080969978693 41.6162500643458 -190.916787745967 3516.10144311402 529.861221292118 -22260.2007674728 -235.522145226669 2.95653207719485 1718.77722703392 -112.852203603324 2236.7218775034 22.8649037328983 -737.969726158618 -196.390497099793 64.313384824601 100.822421115511 31.9533382695627 -81.4045469386772 -164.487750540894 -45.966139952092 3955.64406136578 -116.77272770543 156.366167559461 61.5315112954603 1969.60040852175 -2135.686421853 -829.159955643694 2891.61872441806 2975.3585445666 -1517.27636929493 49.4199737040181 -498.19822080544 270.860703086526 265.50925653747 1669.20607124549 116.358851613144 171.033666519082 155.347654355276 -197.416225674168 575.782724942982 -1267.57686906277 241.315127197377 196.239969279576 202.007968336642 679.907918500237 9.08682967222953 -1248.61561843069 3492.64453195696 93.4943300493573 262.043054480324 -80.1077348417523 -343.357458371976 55.0860189130902 -225.510291447641 1617.99862547875 23.3926736214902 2818.86002861467 -186.629726973699 -1711.46928710697 175.215833264607 -365.344955582209 947.66775010745 -387.950199592894 2613.48944817439 -779.099462736284 -48.5850093692473 -19.1114050354587 581.76157178292 261.327158347267 -393.415772516432 958.538721708358 137.274665710654 -801.793940064225 971.65797716092 3700.42805186839 -97.0290619648712 -344.831848129806 -192.38195202017 166.393112623072 3167.41155657026 -742.13470858673 130.803918021998 331.830712366035 63.9205687431498 -557.346219090527 94.3571045644216 414.564430967869 -323.14909252717 4119.82757293529 -1641.31085379807 -297.325573574202 337.841507095638 564.502717293157 5458.49602755871 -25541.9057248728 -284.444089913129 141.114848234351 781.203997334907 -229.033722932422 -396.977258319896 -157.71827251818 5040.06423004308 -97.6536820638679 


Erro! Sistema não converge!
