# fgs12 Felipe Garcia de Souza
# 
# iter 1: 5229954988.42751
# iter 2: 27319596792.896
# iter 3: 45480302816.7837
# iter 4: 63906406410.6329
# iter 5: 140237438060.656
# iter 6: 373840741335.654
# iter 7: 691433602913.346
# iter 8: 1042850162301.5
# iter 9: 2004321293426.39
# iter 10: 2304843146326.55
# Residuo: 1683016.875 
# Tempo PC: 31.7908620605469 sec 
# Tempo iter: 0.0085490966796875 sec 
# Tempo residuo: 31.5335029296875 sec 
# 
2000
6.93457022298133e-310 6.93457022298133e-310 3.5485423124687e-316 3.5485423124687e-316 86024.3850264897 125943.564141004 34018.8990609611 35770.4368108798 30004.567201157 44372.6764166759 2100226.02256922 -17160.7260808252 2266976.58054908 -439858518756.566 -729657935092.158 -655936128243.131 57223.4349540265 -97955085412.8435 -359136.441077833 109987.80472324 27352.2731159776 -301731.904944308 -13888.7313772952 -86991.9260401814 72481.7671445477 24204.2285992369 30972.8629000408 -49760.1873062787 -40975.6413327241 54696.4198142928 28727.6582628344 -247020.656555801 517600.78937098 -32660.9188166998 43597.9455900049 31219.8537735335 93945.7058908713 -135812.904508821 38356.7220183551 12285.2758320191 50829.4816252009 38753.05788605 -56753.8470959859 47752.9569788827 -340972.349721484 48705.9585972837 71237.3095391558 -4357.99412320803 9397.16176784111 373947.263381042 -77633.4091027505 -2711.23812216766 91409.4891316816 -24760.7032365628 -221092.873738706 -7764.39028807036 37269.2416412303 55484.8209794292 1922.15578213908 -24892.6590290136 -3616.59333189814 35370.8820949597 77967.3016401039 22272.7286582261 -179073.856320212 94036.2078745422 83837.7022054521 -510181.180613919 47578.9006159592 82513.8849205871 -289549.322741529 79651.7547211495 -16644.5742816948 50613.9079981512 -101317.52131147 -86292.536122336 473867.112907357 15922.4153924805 166383.06306183 1427.50858401023 50052.5647738792 -129781.488108694 48488.0446734387 25865.0488647979 -79530.64760374 4751.18029729907 35140.4485802436 6219.35013359764 75515.6736842996 1894.99928159801 -217655.907547743 32237.4355562573 36988.5434741748 -180081.311868544 861134.073659081 22954.5948969948 19964.6566537211 186127.126500906 30518.1925056366 57403.6793621951 36633.329109244 60974.9400951939 -204255.564321863 -196003.829301567 91933.3820624518 -36202.9416906421 53975.4924154029 -10539.0791618632 -23528.282237833 -155376.318839267 56493.0834018083 107027.239137657 5497.59951144272 -142544.446552019 17981.4665223676 -6740.53111186017 -5274.50673417552 85755.0532019619 -9647.81311688804 -2814.43455434592 -29826.2571254614 59258.0177374103 65170.6361265738 -55045.7223706131 -21389.6589896887 47444.6191559478 28507.9828561606 73814.0418245472 36837.4165212761 -118843.640405056 -58461.4564179004 -7586.67008263108 67827.0776383076 -19432.2977704461 -160617.553671121 12611.6409692483 -72900.8900402982 89270.60106103 70062.1343181082 28129.2872447548 -219574.351315777 29032.9828466203 30608.7457561106 59617.4446417804 26739.6899703368 -303713.007918116 -35898.2559380707 86928.8229239368 -246098.140209983 70383.6500422244 -15364.0799919305 1426.88761804544 40266.9056519579 54735.0909790996 -115010.814311884 110499.575379428 36162.1823974101 18614.8345154506 723854.915823599 -73855.1003102339 1982849.90923947 -40883.2364463292 -1366470.18297832 20642.9637373817 -12974.5431796445 -30362.257900031 -261404.10645098 23135.9390831806 143499.020206883 -65730.0250045283 34047.0960080498 16500.3777126098 51606.1031043198 -149100.145588037 65089.0315098331 38530.7069956709 53939.2536814776 -200736.096569681 -156921.430160995 -79658.8112160127 121073.32439444 -117858.268206127 -23774.0326307525 41255.4822772444 53784.900198494 64197.8249863824 73636.1093833472 -209016.15976371 13617.0029163694 47719.1677609214 21389.1255984155 -180335.46993793 50556.1535598065 -86687.7818691865 69997.9160787739 43624.853362047 46780.1539870657 -92468.7571708715 33288.07292513 107243.245384728 -216666.047283366 76371.0610865436 -9313.24509583203 61064.0390298875 -98110.6786639938 64669.5513020964 -30646.9777964207 65687.6344247664 -41680.1368857129 289329.573236785 50668.8168630636 71028.2597722956 58735.6403968812 -5537.28459648758 -37491.0978102224 45137.2970004266 -81460.0352415195 -134438.248501741 61340.7653790581 64286.6781669946 1577.1157113936 -41366.9516964785 26647.2562649299 -234425.588907615 94866.8889538762 -19305.3812377068 110069.509782011 -27842.1531204423 -25638.4159238183 -31022.9236080034 19308.829766123 37091.7010792014 22537.9061108404 24398.9944125921 81284.4467804452 -220643.137299455 -42359.9295484582 -78707.272490793 56960.8228311334 -12023.7809572717 21017.2650841936 -274603.882657549 -8600.03966981815 22093.4916634643 22891.6638645983 -120508.05058787 -117183.455071381 -1440758.71315437 -133196.500861599 186096.006671132 -3787.76666951294 155971.573876703 13421.63196536 -42925.2378259393 56762.0361606969 -176841.008531724 -64758.8281178264 25088.4517213596 2685.28496922508 33558.5151594846 52404.2816912996 -336587.586774547 39517.3947408782 -41079.1492023882 -287670.362165859 90884.6053310886 -5102.73448575366 -154909.171539856 -16912.4390539419 67514.020334611 2933.5969046888 50118.7972539206 11712.9822873317 102745.179208583 97802.9392876887 7760.53440118913 30618.5224871093 27036.7094507202 32063.9411895026 -50238.7059974668 53640.4068377187 -12958.1062722336 170817.519425756 -26109.4896304798 -154193.344229298 -90987.2141949064 23951.9588009073 19129.7551279704 23123.2883774924 43986.2366875161 46576.9702322631 30296.4197298674 95519.822007553 -526.745821684045 122408.437610803 69173.9958912078 -12978.7025632041 -57343.9351010441 47700.6855249625 -78974.5687913792 -33666.3493495424 99170.675879014 -65836.0472038669 -143148.782665507 -40058.6837531938 56054.7021940451 74677.0343534073 -33699.3153871231 12699.6419965054 -14752.5005123786 69984.0094811023 -199044.42334577 49948.1105130545 -43750.6815891757 22756.4247846636 -14037.3777966069 49543.158171577 -154112.174037634 2107575.02384431 -841859.743391278 1180522.25537279 369632.600758252 2778707.81798881 4430839.50342841 1995941.91892238 1918996.89253227 -417287.159900821 1597712.17103985 -2787136.24997464 -3586640.60252998 -11315687.9255983 -3248100.54103843 -10529862.1200186 -4496825.21734672 -5448931.05793146 -14417758.7854078 -13792110.3923926 -21525069.9572754 -5389523.62010703 -10886585.2211459 -4105459.40476429 -10103740.4068526 -3332726.88084992 -1117695.83326689 1944632.86454573 -600560.214964378 -1440810.76958501 742343.65658568 963517.836683016 3049711.90668907 2207461.10717585 3469870.32487492 -557199.979201472 4601113.25960866 -1056463.41908065 2089894.96821805 -24318.9814843369 3838028.02857698 130371.935354107 -565619.124818481 700434.79810713 -39588.7542187388 1090163.4475997 -102179.997585272 -98600.419878312 -1001148.4120581 990554.663483339 2942438.79932276 -927592.056626989 -191661.145691594 2030717.08741169 -128808.280304109 323300.286857588 2295865.77736903 242391.034890408 519695.953620437 3328206.27167535 -2120384.85170963 -3578579.29486626 1937344.02936101 5956678.50941013 -1890503.77276117 -1799353.58239773 -2738515.64026224 -2929405.59032878 -2172357.00791794 -6238030.06410594 -7113896.26337827 -4693137.33041435 -2444217.4933981 -1810994.35161742 -1030364.26120755 1506351.53863183 3081964.47908153 749882.882931521 -28496.0794797821 -234569.984402908 218419.460776214 2479066.88868268 3577145.23056217 -496436.77778969 -1078907.02573707 1387041.39915155 5425568.18874174 3929423.24428013 -2249502.23807178 -198050.00426503 2647220.69032813 -1066930.7196691 -511355.01303407 478851.751006518 -17183.4737254597 968053.108840963 1082382.89793877 16869.1852145881 580059.717123773 -230618.922914656 376997.128590983 3067135.75620878 736882.357441016 388353.730383057 1171039.78063319 1425211.02108412 -1504249.80358669 5852849.81043496 307278.827289749 -1042711.48224981 2613990.85478649 1720329.66719708 346671.309334426 -399135.543748518 -2815718.11937426 -1057869.1306799 -12375437.620739 -7132671.07527094 -1957690.67805327 -4295971.23396965 -4273477.47070427 -6752989.17717414 -2519268.97994848 -2734704.39463543 3210911.91509879 2469358.61673044 5064604.07068858 -949727.513011154 958544.364242077 2289800.86561567 2531492.15692423 2197704.41027008 2075611.38239139 221183.876295986 -1054312.38915575 1017472.58559032 239495.619930795 2316233.23927427 -432201.758918009 5084104.63717039 -235307.32559177 -2328869.09589422 1263888.74238007 -1479829.07883424 122698.853798857 3513981.90790175 -1913392.85757292 2016124.77737402 32451.7990135737 92831.7025024924 80363.9079698861 127914.932040489 57930.2619363275 -199285.124966263 2209.03676945448 -10921.067932529 52105.2387086593 34620.6885882522 41950.8219292571 -86387.0562594937 30797.3067197245 -82433.6766691283 30331.5180616845 73940.6694201569 13777.2705318971 -264570.021398733 90474.5232822133 98802.0033664792 -172682.098690629 27136.8966436438 100932.115986891 -124642.349848577 37356.004881076 -30282.0046554193 39908.4296394577 30005.4704629836 52215.6416670951 16671.9775949752 -2438.92146713367 47731.5877503091 -142247.470125498 -155904.789838994 7731.64554459732 17354.4271223665 -25017.0862376066 -6373.1190291019 -59838.695066534 33966.5784403546 82939.8277569749 -49993.5400006573 53748.3815034187 12771.4119823721 -314672.839686343 -97450.1549270669 -176648.107105306 18419.8594483081 -242474.685693275 -252886.483554748 -175561.055596794 147867.372181603 21464.5347784039 24230.6788485624 -174585.792932649 -130348.294602874 57754.3154273228 111078.169948786 -134686.022418223 -286152.75074761 30015.6858902999 45692.6377718048 -199782.313885085 92390.7120371883 -86573.6986003739 101167.835879543 -66313.4760620546 -78857.1339114375 -54082.7937344716 -130528.736410765 79936.5120312597 -154841.055784073 1622.70682337047 -27384.8777872157 84424.7338760696 41712.5994783349 25001.834016072 -210717.195613854 -5630.23080070853 55201.6041809227 -16661.3529320401 -23538.555755346 -107223.363790411 47020.9742806512 -10890.2777269798 1757.42844667856 -182666.897778822 64898.0119950184 -54245.7411818288 50753.6836208912 -30090.516621506 49732.3056957943 -138767.318007448 -42247.8114528176 -366528.401074968 58449.2870854896 -90354.2863984643 -63513.9809308407 8826.07284705709 -39909.8232334935 -39639.5437742261 401695.56205186 -303182.435676134 271401.780479644 -56577.837634788 -125012.556429515 -9718.56695411336 14218.571018643 -34952.5030760547 18025.2865480484 -31690.9706571557 -34634.9237710368 -196470.462336104 65578.6070158328 41860.5992683085 60284.8469121418 2617.14375983064 -141500.343965648 228616.98014409 -219015.958906764 -89034.6558015218 113925.082815406 -33549.2321963324 38034.6797628524 13850.5122189344 -2324.67013311012 51660.7662169285 -26781.1253427063 -46682.7099346769 -24866.5521388289 69970.759135317 -67490.7684289872 -29491.5682212935 120321.702502783 -111699.738560387 -94370.7503306486 -120464.617015778 87496.6383162207 4391.19129846137 109179.107207179 -86940.737224608 10080.0265595217 -4427.95519820749 32795.6231836594 12689.2685781905 7602.23063903605 23797.9710700756 -146301.760873637 -26398.1362232237 11792.1451315462 55959.8227294673 -191756.865508092 25736.0844444297 -2224.45437155106 17248.7638024855 41595.9131505053 27307.7138160589 -34352.7772125681 19750.7800687881 7336.98420463949 134102.729020804 -81592.5632075609 -66561.6046155903 49363.2635165625 39242.4082118394 -9533.9599243794 62962.5710282613 -25723.8883677369 73719.6882059735 -39946.3744630142 5552.9560961892 -23582.3021717406 -91372.8377411621 71771.4831211887 59036.4209990584 76101.405419153 -277136.16025736 -145051.822798297 -275126.586196755 69750.7819355053 60782.3472823767 -227694.462011742 34350.9316826467 20998.30729413 -51093.5191271874 -65084.3121683092 26699.4053140007 -149349.610892989 78217.4360827215 14880.0201892291 -208339.783040053 76082.1720179256 45748.0737457761 -82034.6605382671 -78407.4915323988 109468.292443386 -177087.918367979 -38103.1324903535 74973.1695057096 6919.64691283927 6086.61362586656 32177.9375628687 72911.8946575945 4497.65419493668 -95251.0436034792 -50035.9875821359 49256.1571034163 21599.4671586216 -63729.7011791016 28417.7039220463 -150490.420483439 11574.3839882376 56393.0984232832 -65846.5604121919 25813.1788797307 -136820.798182053 27539.0966555889 57214.0921500286 -39830.9224009963 12162.7866500962 16082.7029449423 10779.0432151261 17549.797181574 -31060.0857659709 638963.414865258 52786.9308529239 100951.903678897 32539.294080977 -63975.6729338686 22148.5023925024 136788.864245263 -83216.8416932916 14047.9596534963 18188.2875013114 -73244.8560492425 80255.5092602846 -202668.462631971 41487.7216574709 -115842.739428554 -58550.865163312 -19894.6343457596 75809.5171951871 -59686.7673023529 -39891.2423497942 50275.1397229634 52096.826761547 70894.5149448276 13098.4257367583 -174586.154247001 -418319.982068871 -127983.353759976 -92737.7378791602 57873.8987687038 -104231.72629686 44034.9109055545 62211.7898226377 76832.4288641591 51553.6283780903 -37029.7612325872 5969.13206739802 48069.0709592982 88254.2682555035 6542.8098935371 29358.9680705488 -32741.4894873698 -77797.8862676243 63576.8942538236 -65383.5733152601 18163.447202738 -80382.974462951 90031.656190786 127636.801672861 11011.2954342712 80928.2109337395 -44145.5539681867 45505.983850865 7256.6131054148 35490.6302465444 -62839.7561841463 69665.3916098653 -28524.0475281712 35390.1340927847 -50014.4733679622 27349.2894854254 -19973.607572641 -125939.417111087 86710.6826660277 -40480.8923641482 60311.6152490602 45231.8254722249 -45880.2032157935 29969.017389465 9800.60929438613 49319.7490222979 -28272.5948432915 19921.9795919405 49918.8674284624 -112302.699467604 52992.8356670839 87568.6656428725 -24344.5522182441 4243066.32468744 42467.5007021282 16790.621508691 -69978.9734978642 77435.4098831944 -13509.4502634991 -170016.186892563 2388167.32522043 4908301.96612818 -220351.232838798 4407394.58532302 857212.449656802 897618.449607802 -430796.29118042 -931306.951720687 368401.845751059 3240667.46089722 3558327.63262987 2514666.59459497 2199277.38350454 416654.341946432 598672.583093843 -1134003.72023652 1287553.65366662 2722169.02528099 609285.453712659 1963081.26934288 850885.351273618 1486297.42595005 1333670.83484733 1913840.49008924 2655519.75525816 1824877.13059072 463990.767502797 440714.827447742 3692594.67083548 3478615.10823966 2286038.69168603 2585773.83391919 258563.541754003 1135829.93892077 -685673.883040993 -1407817.86876189 1325099.11361481 3164439.46369253 -211115.82290009 261187.335856773 4850659.57563985 -1448825.39038254 1226860.5308745 323786.570797131 143958.3779328 1509486.11309479 4184347.72592012 619752.033349305 3340983.37360105 483555.522355238 1093968.27017333 2281275.46771369 710093.25756899 -292331.76448251 681811.782412648 2489015.50652043 692725.793847878 3190957.50585798 2504169.41791864 527937.710791455 -643100.632513576 1827172.38461153 5368908.40183038 1903892.81568282 -396066.577877402 150762.598014254 -78042.3706447063 640039.891323789 1601223.58623169 3142304.560193 1181989.12083735 -1179133.83539608 1688039.95691076 3501102.98613413 -1125232.80967351 -77535.2083044786 3720767.44900164 -640102.0726007 451445.778519683 1082699.15226885 3189758.847349 2649211.61462683 1227300.58473943 265833.225165793 1424435.5325053 2743605.03780167 2725169.79637083 764978.245218117 1424563.60859293 -105420.753544947 -83367.9136917702 3518673.77940514 -737059.96313848 -1967340.85101201 2957129.15560315 -451933.529779349 1349098.94899449 69954.2112497751 5792232.83809601 -809469.296154895 678180.72464407 -1091684.30734377 -1982790.27187378 -2065893.29904364 -736209.604879929 -790921.249686659 -4648959.43607967 -3640895.0724543 -4899922.9761168 -7602271.16872377 -6468256.53289792 -14261357.894063 -6072337.24127024 -4132602.09322836 -10385398.5515727 -5397786.06090854 -6354732.09310681 -2021149.33507638 -530889.133550664 -1197212.70243673 115021.84695348 -161613.874570571 -358574.910429198 1405613.89270742 1050129.9833294 -3447756.0572477 1067554.47555694 1189786.82067195 2040913.03239138 282569.127389337 1297366.38548254 96183.012395409 835948.587196293 -127256.856790057 413983.298483808 2229444.35223952 3444405.49954392 3258930.95760565 3278971.36319321 2862479.93146245 -61427.7991166427 2280121.65679668 1836443.74358753 2342148.13352552 1420188.96371039 -211751.355910766 1342160.2350133 2328912.08536621 -349216.012355814 3394685.90998343 1610863.36921666 -857387.085471157 2813756.06686819 -525944.909854713 27132.5493714466 360020.014481656 541937.652943531 6345150.76425774 3109838.34375587 3182744.0825981 -2098448.82352303 1500103.6597093 2788174.9831629 285447.585746102 1348245.59539248 1685808.220916 367603.060813988 544972.420579339 150719.525362096 -564101.128639059 -244362.986703776 -521389.364115466 -1427302.10050022 301737.770240661 -1617305.58789411 -885760.270099449 644411.547974072 -451597.464890136 -112162.099491866 -1118642.25398945 -865446.263706623 -947127.797336706 -759775.05819294 1009558.90975129 279764.491538881 1603360.60760433 2621380.20551871 2614393.37670018 3409034.98969403 -1365561.33313164 -1388401.24398513 1336624.88359602 743560.777049041 663003.930689348 1349622.75961004 495390.793815342 -424419.682014632 4013683.17565186 3134308.87071947 5944317.69753187 -16489.9778373308 18263.4948918221 -1494290.69466374 -1064064.78407139 2189826.98809895 1793114.4938581 1250840.00061134 586377.175742661 3679472.71626839 2532227.56021206 1630073.06537002 2584873.29177648 4939464.50108277 -731302.43845438 -281430.901057528 -111842.011578799 3838590.46641123 -950159.858902266 -340937.42479057 58028.6894825817 2183603.25034229 985995.490424398 1107129.54891664 338494.712722592 2801465.89052359 -219949.353502918 181509.333604492 -3017442.0091676 -926050.341866212 -719410.098057558 -1475210.64331747 -4773218.3356531 -1070839.51754159 -1037047.05737104 -1031208.22814766 -3280969.66726323 -1207886.5189835 -3043607.7961798 3561351.77006953 -923933.453757124 -380299.443479222 -292706.407866426 -1298838.66798602 1131159.49527907 4094314.96161977 3990798.6749173 -1465037.67656812 243390.269117063 1484912.56296514 655068.610709806 -1506487.6055177 5634810.55490881 2158996.60565727 -1360854.5028928 -1190571.29605467 2461546.16337292 1216768.74640211 1966145.45313898 279210.146253923 -2078625.19746544 -104867.144280178 -3368494.73959287 86938.7795987522 43944.5471043751 -349166.986712283 -783955.740487067 -2516555.67706624 1312685.63643519 176676.265021401 2257259.51424902 -109524.256687571 1787010.63533382 2890095.40270989 1436229.0905452 1139189.52903404 -630627.406704316 452067.000040905 270322.255293694 1835150.38887731 -847569.564469227 77461.2238495556 8113202.57654895 -1059682.48133413 3407657.92998836 -256356.948973875 -115053.029593339 3628743.95286174 3245238.69615257 -1536955.96996935 2260643.07566843 2896072.85717312 3117898.94683678 316398.851967623 1761014.25642945 2115878.85227475 1318229.39512609 677625.504357189 2240202.79538157 3027016.23368906 1368430.5430892 3459602.05539216 -1433294.78318443 -769432.416115216 -163251.059157017 4292193.62047319 122164.372706033 2479556.17278835 708785.481012002 203384.329773761 1128689.17023972 2332674.58294307 2145001.73525975 -1131025.30250648 2306660.51841184 4327082.72755108 6364004.3562717 -188626.763288584 -335033.432814362 1517832.04523937 -664468.275574439 1596751.52313171 1783125.28046567 -1167042.74509587 4143199.55749861 831981.156482441 -947560.575233524 -1520657.7404435 -3912505.67849215 -3788253.56672475 -688170.47854003 -234635.29043695 -322463.812712411 -1263521.32723663 -401957.471946493 -1901147.84033241 158353.611568012 956854.670846791 269991.813187573 -892153.152166527 700810.146076573 -1219992.31171044 -1037089.12834334 5202833.53361932 -1691742.7580492 2551311.43517871 700622.688824739 653293.090867703 1951666.70243755 944599.309444857 3097523.95131339 -338035.95922317 4312243.13173848 2448023.02002571 125965.502623222 807464.959519728 1464512.17582092 2353643.17380769 3488017.68348306 1027369.48676252 307423.899455454 -790901.751637282 2063859.73048701 -1495649.59565447 -2674865.51933485 -1029261.14972536 -407818.028831692 -651811.179609168 -1069981.60680393 -284533.625888784 -441471.265049262 1437243.74819867 1779541.51606067 51302.760833865 307884.335268937 4020259.77591033 670629.016616718 810891.298132417 1682527.90601306 -517034.88645315 2222525.2425986 454489.530578319 962856.106029904 2127643.57243908 1251616.65651523 -15337.0333315748 483790.2282483 5100675.0592675 129369.559594395 465186.265970917 -1457312.65335845 937703.639476864 -3074706.38288406 20402772.7348643 6346803.048135 34285535.7572604 150757967.880353 30780049.3152227 87604011.4856567 45485647.7156291 129786211.632207 95166937.7513361 32721742.2404956 20643883.629929 2591986.78891529 4121534.85599124 4497613.89459785 -130518.037576201 1400064.51847455 393883.802857355 2365940.65531618 197032.252217739 2565679.94432811 -765512.598415217 1476678.67415717 -2879080.97868606 3128677.6099925 1488504.67202575 5107439.71397396 -533524.480876562 758377.662995581 207880.272577961 1311913.68574377 609120.379181082 -168348.827472811 2576806.19559532 -1132568.68957734 869827.410208527 1345042.04679897 4730040.31031963 263808.654480573 829.833281479711 219426.176895456 -382803.837464891 -799124.806085464 -473959.041249764 6489792.14362071 94891.2781418458 2059158.2028385 -557911.041543885 3645301.88660873 6142.76141664766 5685737.65109215 3526939.88922245 1735990.02597023 2074475.72701737 2177540.75764841 3723101.74897674 699838.004461338 1655327.58389534 1606852.51886887 -1192324.51313957 1759711.43308671 2172353.79062738 -3268509.41238458 -1158166.95998936 508584.26690042 -618507.631735745 -1137067.62045969 -169491.960000637 -1073318.13792286 3004129.71554205 -1564817.82747344 -264536.813628069 -631653.568892411 -755673.925495562 2528070.47967941 -1761577.04661003 2700210.98443521 -556053.699192804 1429513.30757241 -131899.916369828 934913.175316042 -2229897.36809306 352876.456455057 3220522.03829229 -619198.209798781 3756546.59646197 -46243.7457364632 -1801574.23413654 -6328100.30464409 -19244487.7176337 -16620221.9255422 -11247602.134308 -58877665.3631291 -33805976.2280042 -37709473.1280775 -6679775.48893791 -4592993.06713821 -4109397.4311235 4060740.0825254 -1766723.17550426 -1999636.94119881 -3867181.01113255 -9695587.16964597 -6670421.26449679 -2155492.6495959 -2490749.4865695 -15921670.4766354 -2780654.19207027 -605992.266131963 -768914.087369596 1799323.09799646 1865977.15733626 -2699579.08972735 470218.992890013 3707877.80146259 5775473.26417284 5004923.26105883 -195237.525630074 -694038.577289389 -100537.352367205 4669434.41986577 567636.471101024 -36143.2948221013 956.141422737656 292400.435703842 -3743.66571812815 684018.544050137 102489.266104559 7278897.03892384 2745721.06586213 1107482.68478791 837199.784386177 2644393.70492144 3106379.54378937 1708923.13267318 -382387.535752578 -547886.207399483 3335563.76053544 -171282.02818658 -695618.842629913 39938.9491434648 647962.590403394 -787966.695138675 589356.347446676 -480176.844699762 -2209128.39256636 2993749.8833307 -632729.464530037 335851.094544628 -401927.742513063 623411.101587539 -84929.673467274 2381685.84919291 3580232.33667279 199037.84513961 1106658.93491893 -368264.198349587 4530891.45117083 1046649.47565447 1012594.90305895 667301.822129407 304920.851488428 1159075.74222895 2257544.20075136 -2005207.91987897 2656935.82945776 3338197.60209209 -1160814.38508491 127983.559060139 192307.994527668 4606338.7229859 3272612.0701927 -697475.739622662 -26806.1527230492 808827.334717395 2707503.99305224 3458536.41411995 310925.389039575 2610835.6283405 1399466.62884773 174966.636095221 1327962.30155118 1811206.58399224 189712.731911178 -399145.527371377 9159596.51535373 -348973.030411494 -18805.3808068984 1014023.85917838 4854808.59886884 2488929.30366634 4793546.80882701 1033578.80562638 -880871.747663468 -23591.6863014738 5318607.5028284 -2512983.09600162 -2147770.32014287 3548749.646368 5104018.54278947 -512622.423319349 2594532.48617406 5903888.84166966 813003.77848693 30068.8313126524 -52962.8689363828 3085319.02544095 -403242.817410315 -380683.492266013 2096326.38170355 2369254.04195802 1515389.9070316 2392592.32764587 32121.432203079 2073097.72511494 -556425.768516834 276709.064451029 1123545.46194119 -173771.809689276 1962983.26105094 -633300.46631963 2459723.65269243 3722308.00955431 2693572.21995355 -76649.2014689712 -116006.455493021 -1144983.38925039 -42991.5678312027 5404555.1782855 -1718885.31722331 357339.600276916 294690.63019081 761479.93911935 -1802826.95325147 -5651584.91237515 -8909947.35529727 -1834974.63816391 -4219527.55651918 -4616074.3568568 -3203532.17580438 -442377.439003039 -367899.352914534 -1217991.16985867 1640605.13477154 -2545969.43816672 -118099.14175706 -774989.919603893 112271.502688942 3086118.2765878 -125029.889428856 539930.724296796 321449.82194842 710691.675366425 219390.512006017 -1708085.3371792 -185568.401379589 -49162.5970555068 -132641.950588754 1920875.17219941 5352575.56425418 4055833.49031974 -363232.802372407 -1440842.44152576 225643.915411033 -580215.673176525 -529681.156227706 -1943798.37917165 -3597945.27081546 -1756814.8313775 -856522.17188133 -1752760.66115567 -3347652.7288899 -381184.125992821 -516472.904732664 -1565824.36274224 3189279.07692647 -717227.690843312 -681011.798899802 129454.391218882 -1672060.8076385 896926.616964269 -143816.295978934 100510.356571295 709774.472163983 -1349114.315992 -592518.110113252 -8006061.059661 -842327.717999976 -2764630.08146357 -67056.6899664875 -639647.245844887 1022017.45720592 -2359109.48504323 464180.452573671 157313.76668078 2775892.8839156 1600850.85523077 1881027.41734236 1883725.94550175 1637422.69398863 -153518.081847564 3162711.0112648 314125.91681875 3510.18121629184 3611497.98629761 1823080.51098327 1778165.14755756 -104443.276627076 -164380.92276325 761396.204697856 4479056.73142523 925652.413060673 3129763.09219343 -132951.922103436 963503.306988103 1236190.96259825 -594305.926912961 2705697.10867391 3357345.16741715 633570.985721402 -528426.967164482 2205050.36148748 -364243.054725473 700937.331620235 1930110.82988847 4288670.82032058 700278.992048281 -275591.193463815 -1663746.42780747 -516036.048444214 -688592.758659293 4863854.87592399 1929268.87077965 2009950.25389716 4273933.95384388 923314.270562541 262799.534252334 -1105279.15277175 2472962.78827562 1441108.79486925 292434.488987066 1296814.41094785 2107965.95873535 -234238.81045343 -1495685.62252342 -537251.06684782 -6128217.24579774 -1632704.19346882 -1731706.78030082 -7697405.92812807 -4092234.11102317 -1712614.30297702 -545653.891488934 -451952.020915774 -112386.360298866 679956.193139258 4429676.691872 -2090451.8618461 2114320.13946451 -1622393.02550771 3779598.84037137 2965465.05066613 895946.181142364 3167920.98502103 674036.726705463 748013.984876982 158649.713427608 3450355.04177971 347630.042259314 -186589.249233127 -1429081.46740819 -53411.9597410787 -424800.072963848 674829.320386712 -753416.238425712 3921722.24587224 5322655.62759103 1431072.03358892 1363072.04841626 2979652.8872115 601341.533371344 5170178.93294545 905938.641904021 1234477.20019249 4505607.32355946 1151808.42809649 949541.70377849 1347405.25094263 4591321.44298537 -270714.038427347 1892352.61563241 3806943.3057142 -175379.670121688 1573463.21542385 35744.3420620457 126465.189552556 5845049.92774114 5237523.54272331 640337.916242708 -1954771.20990663 -1355253.32518742 3402780.53726003 -640499.872567281 4865780.55716267 -783130.719094595 3504585.47967838 525105.993828002 4096159.07652326 838882.65162431 3079010.69531907 -124783.631167944 932253.891822028 1275864.61795385 274969.874410266 2835173.58920059 220652.911290641 4640623.41193236 -165582.047301265 121090.416998438 1177948.00211762 -130120.249245379 -951086.960805538 47894.40128195 -1483469.70659844 -736917.022409264 -116297.996713159 814514.943403906 1138624.42691824 199648.759440406 1138773.18505477 -2129511.54402184 -92283.9784078673 1947588.44203096 411419.717151034 267283.309092907 784944.628035717 -1819439.27283454 3498533.46485288 4402292.22333136 546450.063013118 1545046.34793652 -671145.428014353 1249445.33664036 -1242456.8865175 527471.849422715 125446.643185919 -556607.659014906 1255795.18983618 2396451.55012416 855483.228109073 197001.518199053 1246862.22279738 1636423.67942702 1585341.38717339 2403791.45998234 177725.197543559 1474649.71954829 2886447.51101207 3384073.58353793 2589763.86315499 2952702.02913043 6167346.42527112 30783009.9253436 65905655.4729381 45775026.28912 105155739.410354 25134430.556858 18519565.4580146 18510225.1160094 59633247.9789862 8711061.38555535 6541445.94309494 621074.782628086 4611340.27707051 -310224.856752426 -1855390.69451218 2751776.18043749 3490206.19753605 4457650.14280132 563748.260987952 -2517956.58522281 3176204.35255324 1210507.1850483 862513.549394922 3435514.57687527 5395896.19069953 -84144.3982825529 -1928670.87528501 -105508.248569725 171942.972566756 1941342.80014998 2199113.35025304 2112490.77378213 752992.230076188 -1730943.24988728 1190461.2492525 3065639.10485417 2593712.92441973 1302136.28717165 623192.730033347 2678960.66011143 -2160472.41501126 2870623.16048699 959493.083653222 -78918.9733012149 3451571.19692862 1117542.88103048 -193787.992131751 567619.191798269 2108336.42453977 3805706.42410809 -1415263.07340462 1021704.50199867 3577909.88613816 2946544.35806122 1159891.16222241 1869684.41430104 528881.347003823 -305094.325826839 1959867.8523659 3988788.60135132 1092492.27960256 3395462.14894777 934381.368368761 3356837.16596661 -206608.214041641 890109.548708456 942644.450780054 1559390.17707656 996913.366121954 2072418.11108972 1205524.41550796 4113024.73782976 3269185.87473902 -1097327.77627218 3779813.29308823 -453992.645955898 1175689.57370033 -1561069.83392968 239482.724400529 6293889.37162928 -1277777.72354756 -644480.7724263 3398323.83927218 -474189.081214324 58654.4977213406 1497803.49066791 1925069.82946165 2279835.74250416 3081518.60285326 -696752.357975461 2046058.37162057 3308539.33803261 2573857.88076516 -966171.907177703 2526078.25250827 2778434.38911265 -59375.0517952529 3428033.55584358 1702304.36646101 678950.744933191 1198990.45976039 82819.0580163641 -112410.852980902 -974214.479686743 2502091.57163868 1313659.37929025 3704838.64086696 1348256.08599361 271701.27234948 -3357339.48575474 -10083724.0414548 -8450597.68360766 -12103142.8691577 -3397045.55818447 -6458055.2057407 -17276939.3772168 -5111867.60950316 -1878193.23093409 -955935.919585357 693431.039492494 -368601.198802408 -84943.3920132097 1869426.55161941 3358315.31496474 1878111.05571153 1257941.93835752 735698.846768435 665304.686214751 2164859.58204856 900482.916228449 25508.4446247459 430721.43964468 906854.294677726 292824.232253027 3174438.0826146 3977107.0850107 -346089.834459163 1619884.09184202 -243953.044590091 -1119909.74414684 776646.6859015 -2527812.48484859 -5326320.611506 -14009465.2501894 -15528717.8945106 -4076658.14380494 -5833332.30721943 -12676906.1359236 -19259837.9468989 -14304183.5956795 -2303971.21256675 443246.632303067 -702260.892233852 -1583450.50084892 -709636.046628967 -1838054.11991913 -4488330.81281419 -17994779.9907902 -6095845.97418048 -2284949.59882178 -6262189.4763798 -2372712.74600318 -5182941.77834107 -775914.766590635 -1030974.87641214 -1939987.02147176 2956219.86103218 2776584.33599782 4266450.64864717 3499294.330245 3784868.20718566 3523194.44333827 -210090.691814135 -436277.963128782 940683.048450799 760464.682385586 421322.39975766 497424.373033501 70600.1722628994 1519496.35798638 3554393.97682031 630577.791104612 2866719.14357609 3771996.67140986 814856.637862056 -274676.073973316 442598.783324404 4785148.13551309 -1825354.24030693 -1219487.61343072 -3351124.95669562 -5111139.93800909 -11034321.8290242 -9975626.38938101 -8203825.06271988 -3413284.60801199 -9116245.13753239 -5523634.11117659 -2002661.75431315 -1871772.38473645 -2973968.89517329 -430111.981778617 3170524.12375045 -354790.954135506 4014574.65791288 -36139.6824805574 4480774.44913239 4056563.57731446 -26017.3825409011 291097.540677756 3986967.87710689 -279564.575114953 -2082505.9413892 2559513.38064283 918812.097997583 -611727.562866742 2561095.34307875 2402765.01676795 346.351800660724 -390779.166745089 2010559.06750515 2030700.75436142 -32176.2714152288 -306634.094973186 197718.650231025 865227.972816245 -26588.184992152 164352.183119632 -23641.5316496887 2993147.91860344 -695336.310836666 1457836.75362811 3745821.75650477 1119412.89716194 -35861.7185787823 3334806.11400875 -1756067.98318274 1351962.19239643 1570128.36063429 4784306.67325472 -245623.97320855 4205866.650642 -655847.948621806 2305807.84697859 1113753.67081858 1615579.25503364 6638981.60718976 4403692.75968826 2489850.48449586 8043077.29211405 43383752.1351939 19177766.2914306 69947115.2360652 32193065.1983083 36024279.3903661 11507018.3454045 4427020.81260951 5853623.11820465 870670.56837066 -422270.759631534 2093547.18466915 2071909.68503204 954105.820433363 979910.479261647 3391849.05253968 565903.045991584 1167773.46243837 317747.169015051 1352859.71195689 574918.483801611 41654.7953190896 338082.503771735 1616115.26069644 -2868730.0197255 2547057.65447418 1829239.68013223 -431607.798353194 690586.758130506 873798.186752567 3389829.05306922 2222862.99097615 1552933.66165689 733934.19657632 1646370.25473341 363671.874471862 3536678.01334853 451171.188517981 3506326.81451381 244963.437167582 4129607.26867191 -638081.144752239 930307.689140016 2351305.60343889 1470892.82463202 383345.718759427 3600032.9102864 4609132.56669711 32974.7292545738 2191269.16063463 -30396.5562545729 3433985.02005054 3535845.11083107 597371.196318611 737013.866666297 2584114.46470007 799644.514503302 5286630.44897828 3018265.27401667 278837.766340609 -56508.1274464078 3125248.33353306 4855713.4128733 2658079.14110313 1876202.35057056 592608.911086817 -984759.314581796 3778728.4936297 4824414.4981523 -1506991.84631983 3799347.89356528 454795.948171428 896588.694376559 -694127.956637344 3747219.49727621 -927942.841732369 1972721.61805752 214220.19571848 311730.368806112 1197852.28701459 352472.297215188 39795.2084935914 111693.581457737 -338145.131857508 3384732.567858 -232295.026574359 2755015.24953858 577211.705556391 1766230.80816936 14543.2863737636 2659617.08948319 -1040618.54845879 3447503.82309642 -1786890.7832042 1534133.5332734 2956089.64412171 77.9712051785889 6259935.10826485 1080694.11598205 70743.7542711635 -170877.917241485 -933831.837104909 -2266541.14242507 4498019.50787385 3888342.32506546 1767381.03830172 3721016.87503071 4005015.87400176 1915617.57946943 412646.291276341 -1200032.73647995 3695990.43676539 834527.321838735 2279899.18671788 1653410.0464789 2312648.57628289 -213490.647050569 3519402.59390605 3872920.05459271 1764719.90059345 1389747.71208954 639802.454317417 96893.6850381952 -328076.383232159 2347711.4771185 1683016.83313512 


Erro! Sistema não converge!
