# fgs12 Felipe Garcia de Souza
# 
# iter 1: 706098051.748222
# iter 2: 2310929954.13059
# iter 3: 4224473755.12867
# iter 4: 17816018962.212
# iter 5: 60091329508.9895
# iter 6: 80623195042.1618
# iter 7: 162387031150.739
# iter 8: 208619749297.766
# iter 9: 442335185072.106
# iter 10: 632588141183.679
# Residuo: 82921.0546875 
# Tempo PC: 0.21272998046875 sec 
# Tempo iter: 0.0005403076171875 sec 
# Tempo residuo: 0.203286865234375 sec 
# 
512
1.19840484004749e-316 6.91029409195753e-310 1.19779536066678e-316 1.19779536066678e-316 -640.155806900523 -275.946445102947 175.273288182403 315.835318814213 80.927993114045 57.4353486659075 -121.466797109284 -121.241752608287 -354.052710062307 180.839800953342 86.2962441527596 1248.51537235614 -232.457220389488 -380.980630391798 84.5510321251984 -1074.46949455824 -195.688323567072 7685.09058009492 381.163156493342 -1020.43880911401 -790.826577399144 -31.468648194261 315.425286182351 -301.490825659962 6.37941879029024 181.814526640944 72.5869169355417 -558.86950422682 -6742.93893944658 351.402942484014 -58.4291689585425 -49.657310924171 -132.671594699663 6694.11295200953 -128.690025950284 -618.665799416019 310.058893200582 -277.308603970771 -562.536094349302 61.0764941442754 5964.81662889463 -55.441428638929 -1571.00012964394 1574.15631166119 535.617801766169 1630.92630943815 -446.808653525175 -396.691398694297 -68.4564988207034 -906.511914027454 2510.64755054077 -712.873860871013 -55.1821968231485 -444.136491647903 244.101961624292 -592.088409482656 1638.15545585265 -884.833042335603 5968.70990659452 -562.72651220226 9327.56734367745 -1509.02813293386 -822.820670042142 7389.22746991789 185.091629971576 -211.843868613795 988.292853511037 -421.50451645086 -196.608470253481 -147.814008165857 2115.71682680173 44.6171107466392 -1833.84771649327 -577.422521177388 -180.931938276444 -42.6944667203518 -10.4102103288074 1631.88858949343 -541.109830455164 -730.495846148123 256.707739668761 274.760681054805 -281.244623703666 -49.3407684946681 2424.51282553454 -584.264033610321 -807.747183298628 -727.272309673188 212.13794179837 -681.768018145471 4572.57770516589 56.3399032409658 1378.49883818264 82.2265132863727 -309.530069082895 -334.210910841377 225.718397975304 -476.166525823306 4235.29514952385 2388.500264394 -37.2111462870784 -1968.36104376782 -628.763161226554 -210.914868327959 386.384445049397 6785.97319709869 -289.617334766126 -1011.17880001902 404.407170234119 348.596407723506 -78.5906630139382 2286.6936303849 -221.763720214651 -201.843596301652 -626.694880288873 93.7262907971148 1037.27986280423 2125.94154841423 -2613.63136804878 377.103857273296 -203.485054262064 -412.401889360479 -1515.17799773695 1903.3165606722 435.818661814929 725.823892696695 -1953.78948019239 -849.490067529328 -151.791266994577 2779.05310721006 2531.10003781979 -532.074840079503 -573.302240696631 -459.423205169524 -6.13127820712318 -68.7837548098684 1365.16144642849 124.238274404992 -1158.11119701687 79.2178049144394 -203.81296572413 5143.1009805092 24.5270030797584 -321.108563156091 799.29703033028 -2196.68375603509 297.678279632432 -664.93187174431 481.665549426767 -115.062904579644 -23.1360048407875 -1035.64345625282 -37.0189435584398 -389.917584837158 -23559.9385379062 655.424073734098 -345.632546718413 143.581167762663 -612.951314086745 730.130070045203 -177.931362893761 342.823731069647 -79.8638844215907 -446.740022614996 -113.075385288304 -170.231846983033 45.5421547193736 -17.2925659712348 -50.7480983778037 2339.4248818917 -13.1384800659885 164.130218356737 -305.77531999159 -721.270123778726 639.902908223948 1653.636515457 -791.659872332753 -807.28903730212 -1744.7184421907 3527.85629688668 -230.513902847491 -109.015609420173 -112.839388483326 -745.804856230028 375.572197144062 500.98665816661 24.146443888702 730.794675079937 446.497803270801 -1292.07793525903 13.7195548504853 -6.27786489612342 -171.926193411275 568.081827963239 136.684517890874 103.355112639766 2125.59513283402 200.671131226458 2648.68980543069 -282.546220069907 1077.49266726508 2.93717026690383 990.557326891495 -2430.48177459877 427.845170750245 -954.720166982909 818.664408626519 2335.05552864427 270.617972410869 -386.083740270739 -805.890957660809 -93.5017076814652 1852.73648949772 -145.365090774868 -161.795734649158 380.06349235268 -89.1273338144342 751.678767928027 -259.790684359622 2636.55179360979 -380.89109629526 -727.589821086131 -151.484639784147 4847.57501622069 -124.657221737654 -92.4560405637585 -1278.27445761467 202.10472842596 1837.48887947649 -590.117011642164 1323.24074915878 -601.780615050527 -54.2713288460184 -989.610911652318 102.967320999055 470.077260266595 42.674002847128 -70.1681661504197 -744.787101268937 -348.516962149858 194.370687490372 1796.09257156216 6519.55375435533 -13502.9251072114 -471.171069263066 395.600411729909 1340.32342546937 108.700496680438 140.874918683932 -203.587999051615 -844.644833424921 -351.473108980626 -389.248098463048 8923.90509920209 -1471.94938855461 -3093.85497700277 -1673.83959473519 6869.43950752413 -152.168001041664 2619.91194386628 1010.55673827181 64.835842224125 -443.591650309155 -1688.05314359262 -78.4359760281685 397.576194509628 2068.84028342367 -150.976999955628 -174.419195844245 -2213.30534166321 3741.8716649832 -101.058921917727 7218.85818055934 -210.385785997947 -237.628076074208 125.523572416952 222.812226639961 -73.5350707824225 -2506.79489850529 943.038430266431 1958.34426278246 2887.04027810335 -616.720212016821 -41.0355530060043 211.268569832608 -427.021078712366 -521.407641028622 -961.05640834875 6110.30790776679 5695.75732387811 1270.25692262092 -777.614809964451 -339.38411513951 109.833978930881 624.141423447271 123.736634879041 -107.285810374049 26.8437207882878 -3222.74673355767 3218.08514433594 -1355.84359253252 11.0471181310779 37.7691621988666 4202.01352240944 -316.355497729735 3460.9020779568 -717.465917146932 5627.4501144475 -782.977748687859 -155.374827570216 148.46196860969 302.569430912297 226.397070345521 133.174432555838 -21.1886922844498 67.5656724086804 -1113.29204917625 66.8067628860615 745.525490646103 -988.712972821675 -344.365837073729 1183.3699350899 -1111.43419074455 -4008.03846086258 3241.64009300876 -625.362305117315 -322.764494219653 -377.746226374433 -4380.7383542091 -2.35127546029247 -416.054262650456 208.696456665058 -447.166184038298 2470.86523443559 -326.105984146224 1671.93908107327 -973.089798580084 157.283097127885 -229.993242333747 -310.796557501839 194.54330449031 -95.9198128794169 3273.01167177915 35.1939305319566 66.4096166483549 -241.597044255694 102.347985320173 -196.582824888981 197.887987297965 -642.75049815879 593.283688093357 152.43204137108 426.382845475632 -527.952061366233 2616.66181175652 285.117897448535 -557.86628722645 -276.397147875932 1430.17524445942 628.354721956876 -77.9235129813765 -1134.93076489909 -3263.67472699127 -485.954052014139 9817.59614622989 930.818951782821 -562.256292074358 -184.257925285579 -687.500768942271 -36.9178556777361 -140.602159746474 632.260132190558 268.980047460227 -735.84328292645 4287.16254985146 -2991.03696616302 -647.459606446589 -627.653208365803 591.346623504475 4210.8144755409 -392.136324928338 -1405.01466306058 -518.638704837719 297.904540417462 -656.580538767021 939.150176255248 670.332089941722 4697.93832386479 -281.389784225537 -910.786242899094 86.7843581615546 332.790876485765 398.803976789216 401.123736303685 319.312762777145 137.519460671218 -3478.4289346402 -410.947525124392 4299.76207808939 -1474.3601859944 -467.651035331587 1111.73820479557 347.092043232466 -92.5965675383739 2524.35340295212 -772.907753549677 -7.9600192185724 840.07159400352 1471.88873169823 15.4217945376784 -2204.91173366852 25.6389519103781 402.225899873532 -94.4665757127406 -24.3964292000617 2236.08101690504 -1530.09794890639 -139.323474307249 -293.348861142334 -4331.24163691453 2946.31503284189 -414.443775346902 4538.59547003425 -741.129067349951 -1889.55190488421 9588.18991346344 220.25041859808 -1236.25225226726 -552.85760174503 -445.110037393573 2512.26948858438 -478.121339401867 -695.416311941793 -354.446408602062 3586.71773239564 -474.566097191225 2013.8724422283 -527.143525583181 105.539902846933 -444.222160405913 -29431.0649030446 209.370194769414 815.816446393921 35.1495255441221 21.6028260962787 -746.520828549811 -8.17402974727887 -985.68763006265 724.772328907149 -587.008297909521 175.439421322071 1113.32442150484 -1879.83890207903 248.604322053836 -564.344587834165 5087.21433373154 136.074112800832 -30.4627957975525 -452.491112559729 363.65936179343 408.016342027568 410.926543323176 -2307.77639514531 -425.625804876662 308.598195469329 3123.37138276763 7162.74085500999 313.651919417188 -813.066992860453 -203.781006040112 18.1014472778868 -287.637278295813 1168.40225927486 -365.484391143267 -709.183738704024 3150.3615522932 -545.910853361527 -300.526183704843 5333.77889284666 -1019.18791479876 -1028.0260128648 4364.48480953519 -596.872452609843 -696.464115319956 7361.92838170331 91.5943233794794 -428.435794880724 -194.179497522539 39.301010309448 -199.883271350505 121.853371638301 -72.5648582276347 80.180687305157 -480.729602281955 468.403625560557 -682.147372017978 126.643137174457 -254.563187219966 162.284794986666 -520.814641601802 -82.6101635352564 631.307390835183 -1545.42699615637 -21.6985595536192 -245.460017463482 7796.94412529075 -704.51842214653 1828.57724905125 


Erro! Sistema não converge!
