# fgs12 Felipe Garcia de Souza
# 
# iter 1: 845831600.030461
# iter 2: 2200574424.49809
# iter 3: 4130573564.21437
# iter 4: 9351902915.37078
# iter 5: 28133231146.9816
# iter 6: 78809963623.8967
# iter 7: 108962409118.731
# iter 8: 209407624163.102
# iter 9: 269197849050.36
# iter 10: 454140129386.759
# 
# Residuo: 424776.71875 
# Tempo PC: 1.68480297851563 sec 
# Tempo iter: 0.0021455078125 sec 
# Tempo residuo: 1.79781616210937 sec 
# 
1000
6.9512159564203e-310 6.9512159564203e-310 1.09477753522617e-316 1.09477753522617e-316 -287922.830996145 19517.0759575569 -67141.9449454892 -41997.6680834469 -14516.4203771202 -18117.4132430707 889069.778533003 -5746.55315669337 -38656.4637814868 -46633722259.8281 -38564976992.9663 -34954057622.1139 6158.42837016379 -12378426035.1937 61384.4769709572 -17245.0039828922 1450.39880562996 -429750.57480713 -28053.1149586463 -23240.4120544371 54683.8192822319 -40835.6453576877 -17077.3006702512 -88711.6902238943 9040.54835464647 -3638.94988817244 -35970.8038105697 -348289.976098082 350795.541237326 39202.895843004 -47073.6660420004 -38252.0532882215 -43525.121921602 -115339.527736689 -47871.3318058218 -32058.4131827001 -58671.742810616 -49697.0801539961 85681.3300999565 -7390.09849666562 -477857.621552654 -21689.4655108413 -89697.317158782 30753.5466924735 -63171.7503539603 98483.3810936834 -165394.354128045 7649.05481530341 25812.6043313804 -87785.2517534982 17425.6490173855 -80889.2105556844 -9190.28999836664 -9725.96380694601 -26957.8456664537 21431.5498948286 -34121.2860044063 -18296.7584834215 -566098.202854913 -56187.1868600287 -74385.8118358047 45777.7405691579 -51699.238598957 -512128.078417765 -63407.4780434076 31776.0187342889 -430775.825342699 31553.2556664439 48038.0079701284 27181.5270618871 -240196.96141294 -31576.5030417661 -404516.595543483 2721.29742414374 24991.0476227992 -25726.2674182141 -7983.80028375069 -5394.49407690178 -13991.572926546 -23132.4803882136 -37081.5904525115 -47614.8917088097 -55241.1744176634 14982.2886759512 -11659.7837054802 7911.58010851877 -538977.921178194 -26607.1943584311 34450.2858290147 -393893.035942951 535852.555204877 -23388.0951542385 -178309.852454701 -93091.6297030832 10202.9092916325 17196.2480177621 -106616.117530357 24036.4857388516 -268709.116628585 16727.9571911014 -17091.547935152 84585.0923996433 18585.5209280426 -5974.61946246145 -1836.13599211893 -433393.563541081 -17839.6804391437 -51077.1223978977 207931.404255824 -182238.508497704 36052.8494334672 -340045.912317435 -2360.65996676618 33150.1926372929 41858.9505275945 -33948.5760423535 -324350.699304534 43086.2800866869 -66958.8749293898 54120.1542656399 -7903.51278598331 71537.9037641225 -44580.4760106662 9366.2318927041 -10426.1867662527 -67553.3951687944 -96273.6412609037 5223.59335263511 6391.15730392607 39804.766362383 155381.901413832 -64937.8509227671 19994.4259817818 -8523.62087559 -81230.3160092575 -9634.3339041147 91452.6976583075 -15209.5064731273 -58299.9302708545 -33676.8170805677 -4265.08786758834 82463.4101646019 14936.9841096154 -27200.7795381645 -131744.00174729 18812.8813594743 -23082.5214419967 -16045.6854246861 24326.0893588234 26682.4225849176 -23023.0253766625 -276594.150958443 -88313.3922974949 3486.89920939837 1237937.95366604 -54010.8908939146 1896644.61154457 -79835.0690159618 832400.786013862 -53772.5896828584 -3403.00909072406 -45571.1822582705 -98301.8372672098 -28325.7882488252 31469.2445496259 4352.29666314492 -61563.5326625687 -39270.7383011657 -49869.4207837032 -42692.4608145665 -45660.1243335498 -32763.6423839055 -8390.11912802446 -60384.19984955 -49295.3053401597 -155138.804781078 -289321.198298619 -1212.43067270619 85795.5024207684 119370.317395928 -36907.8078071899 -34233.591629974 -80063.8508244898 51391.8620840715 -3450.44535283303 41830.1768358575 -151624.641033696 -448346.974300561 113869.259624971 -168761.656631328 19995.7628085954 10594.0094827286 -22813.0575446591 -188024.625298939 -46442.4183441317 133310.024783873 -123848.335705685 -76359.2647696978 319373.63881231 -60703.008455663 -148382.550955205 -68669.8215504378 -5804.779810556 30732.6797645084 -34809.1401845065 -45573.8891332287 -56705.2590453441 -120171.473302376 -29865.3946441851 29701.5355592245 -73591.0106383992 8705.9648236889 -165304.546549443 -3654.18929701164 -22654.8483365623 -67532.5196324544 30107.3121832114 51953.4867050987 -116222.378560284 -358789.843298613 -21743.9427541749 9987.23396280917 104399.302885047 -355147.585215807 -6076.49197352576 45055.949905013 -62811.6898262845 -9717.0843025432 -497170.465971595 84545.4492661424 173074.901499572 -307490.992083085 12537.0935327725 4661.31153417314 11535.1143872513 -68369.7364356931 -8679.58950123267 -48110.8403995045 60151.9055605735 6672.75154283825 -217256.078362683 72989.4230643301 -448472.870389087 -1149390.13323086 -60097.0573782415 63193.4193957245 -95159.3480305495 -56898.815278828 -88130.4607829515 28992.0702390579 38720.6243285429 -595077.214462523 -224619.694774109 70735.8050425729 107653.567438274 -22707.7232421323 52860.877653945 -685018.668776633 -10511.6372883929 -126292.033852513 142105.046347993 -42367.188527116 -24615.1564496557 34461.8154941003 -5810.25056119428 -31243.9236314687 -163535.538331767 -26252.0204027766 -7858.88102337751 150128.845863268 -366408.738411468 -28927.1950943309 -112134.02192914 -38233.3258951912 -2762.95262301084 -17274.6360096841 -29333.6508980666 -17888.2722165486 27945.7550776406 -88881.4561636568 240607.707690578 -461078.100934369 452.200126359622 -6886.80785160251 22728.6212400806 -33270.0143502625 -4709.17511278906 7781.68564639406 -197553.502127356 -491775.693450739 -64681.6779288692 5333.58931572069 -4381.36085800537 -22446.0546561305 -47829.4757575918 -24211.7795748252 -41075.6690312032 -18739.091513551 167117.547555752 -77663.4948177756 -110545.706235598 -30896.1257080768 2257.00248501582 -209232.061893228 -7827.30284757755 -81598.3571939031 3596.71441795971 -124359.21994849 -30960.6017218387 29761.2848639549 -24050.7346111455 12583.5546707625 -28817.0872146067 -254453.494603915 -107371.116020563 -294703.644354735 -1377288.86398475 -543186.521104142 -1520164.8916192 -1488764.58780186 -1498945.96823539 -825112.339228923 65298.8629166134 1638320.29198818 940907.143748435 1550092.27431504 6856068.74105223 763201.51050979 4210911.07452723 1688610.73589411 1754247.8814339 6538399.42096342 5893090.92802332 9111219.2478173 2306935.80127555 3773800.4239583 1966111.75124939 3370575.58459637 2066168.52874861 754247.628648028 -707691.989640335 202704.146686867 -275570.876314308 -624395.013872173 -669604.819501806 -1680353.67826331 -1460190.81660692 -2420619.46106724 -1195452.95554477 -4826591.38447003 -1164400.72545165 -1038127.7962285 -1235879.95105824 -286675.39511444 -473278.108259928 -1011982.29546462 -265164.21307793 -1932374.76837171 -3546224.85833349 -986074.471423115 -590415.876320157 -680536.874222797 -1035812.65008761 -5159.47028787797 -1064092.15558986 -356402.245608931 -223003.644847024 -628189.466216526 -353577.934802654 -868643.431423235 -492203.475249478 -340078.589141278 -2179748.20554045 -439716.55109799 -1042869.47958294 261200.244179681 500739.589419648 -322694.467559987 519045.162769105 -971004.648910824 -65358.0163766141 181477.721455939 1831924.53713994 -237117.48856842 -136572.420437806 -805763.418713298 474357.013241644 -522156.484110668 345263.862777037 -2567751.17414752 365301.542751414 -506301.510757905 -595108.823230371 -323899.614547543 -1426948.55301469 -520364.689998668 -1135527.17259623 -2949348.65922082 -1988500.09284183 -4347394.21738868 -3673699.69512619 -6189.93080280063 -789420.865437906 799093.527170358 -939810.244657607 -348575.00109806 100927.507901899 -983464.015383947 -2085279.24472499 -1887628.46005336 -964990.446728409 -1463708.96695307 -1436339.62673283 -465372.797455028 -98058.3384123057 -764738.967742578 -769491.394908618 -384463.400298164 -1135756.79649973 -654518.100091518 -2138053.62305812 -571702.620405563 -1266930.14009815 616743.431445998 -441013.398088267 39856.0662035844 -92896.0848642588 933652.880107051 86849.3234472996 2505580.49243074 710818.931213488 340778.846890435 2889226.86568783 1645550.99040919 555816.079532251 78550.4298115436 -409452.403530471 -961526.740819377 241373.618882263 -1613286.49022536 299955.430383592 664314.597397356 2181366.00010313 5526815.31884665 1111526.24344961 3647772.63942081 1873761.52721578 14563675.8168031 3085946.58850873 4261735.45672323 2498061.01950277 615463.560892373 -236745.97292424 65969.4830273097 412127.209866895 1378496.87465594 603437.300576913 264811.636470503 1017546.37550807 216695.65135471 -704313.256460506 -42388.9228014513 14165.2588005921 26002.8989716534 36784.1858021865 -677318.725096481 -318391.258262908 -145291.030793753 46802.5854541541 -11917.2867043949 -14421.5375516897 -22227.6307117989 30904.7174446161 -47919.0155383362 -121662.061529565 202477.812108564 -57711.3388512361 -33930.6215160053 -184374.698828549 21780.5092680338 -15823.8428396186 -588213.777845121 -21423.8670598245 36820.776429909 -459784.060788997 -3399.76938509075 2556.12195401038 -5144.51853074861 -23310.0610010987 -53654.965683876 -7338.37827544132 51137.9675859407 69148.6612382592 -149341.281213405 -156204.850349292 130305.999352895 -30044.0871866701 155.300324156776 -53397.2649685236 -51771.5502704563 -20831.8143463658 -41739.5381651954 46947.935502201 -31724.6062940816 21324.2143258368 -226477.212276383 -186234.686170274 21228.5294186447 57407.4107004718 -247348.051863234 1870600.72509531 -110327.748611266 90916.8428234508 -15340.8858997909 23642.0601203829 -50146.5481667933 -306022.461374823 -21588.3027699817 -32894.3462489752 94397.1743032821 -316274.001867243 -43461.5754612072 -2965.43389115957 -132201.799730522 8618.73330271343 -39524.8094668638 -17997.8466453646 -5495.6679276477 17232.1876868739 -83782.1880950941 43217.9554589174 -27594.6182586421 586.068494780195 -17042.2263272268 -210373.854452555 91300.2422712049 -30118.571997004 -20013.983891399 -181762.442342431 7825.52374836204 -14522.813480653 23759.1552602607 -8001.04111255372 -208244.571609796 -10711.0677097891 118045.373061451 50093.2752752923 -80626.1797718449 131037.302082468 -393371.651983854 -13046.0072042236 35131.8302519748 -7818.0661694431 -265702.69175688 38630.791085402 81390.6282016506 -9432.95087741259 105576.587914985 -1997.89575185129 -182179.453725801 -78810.5225548327 -21918.6047673354 1568099.78362315 -413637.067654634 154367.089593405 -52893.4657433218 9286.59443333338 -2249.00154273665 -26817.1388896829 -17134.04645491 -146641.638187462 1277.30112242696 -78877.3266928308 89.5372056371591 46511.2699969773 4022.97079834134 21988.2560520134 -65174.8957113776 114599.353127551 -140842.306593617 -236865.057670186 -71780.9064748223 94938.1114526217 -18165.7348069616 -19194.7441738881 -73504.6672299866 -31435.0333706526 -55710.611650754 109593.244896446 -101004.992848297 -39865.6481544218 -26329.5234914949 30651.9139538603 69095.2562452712 -3597.30992706371 18917.4198825368 1191435.16266939 -124496.152299923 30482.7169577914 14921.4173966911 13200.0280005427 16410.9914805259 -6744.47988624856 -29289.4049672705 -47549.4767988922 -23762.6239568884 -14179.9191157609 -6487.56510620361 -177654.632185407 36761.375383022 -22071.3831200305 51427.8363208085 -196681.703856129 -4415.27245864084 13387.004947614 565.825172294056 -39593.6634344228 -62621.8334732709 142597.924034463 -28658.4879633798 4779.85431395265 -159833.293876458 -18927.8978134178 -117801.882916391 -27724.5965373036 -18648.4111559926 -29777.386023531 -43085.3388854797 -20602.5781782331 -19195.8386915122 533.087952652911 -36253.73389387 -27474.522948456 -5626.29668353886 -22784.3671302015 -13236.8020183481 -103597.061404147 -41296.4591268001 -374157.079214562 6767.24264977251 7390.24879684608 -20540.6055168991 -127754.445825804 -18405.7881182232 -6440.42472594713 125651.804547897 -284131.616524024 13594.3758921045 -72246.1001932441 13845.4876464152 -10846.5327831529 -37029.1353002642 2141.36540306483 -23591.5682541946 -197485.693708645 -25822.3521737343 -9376.5368649869 -143432.460245196 29440.2200592621 -48624.447721492 187517.238746388 -11816.1122486695 23327.1591148194 -7987.53236791831 -96730.6377732273 -130536.464019543 -17665.8766739202 -14018.1498291195 31342.2776761001 51219.706166993 -13866.1902857504 -270803.463502941 -14761.2940336696 7376.80654203628 52069.0567608591 -7919.41426830802 -162531.717702922 33307.1201408757 -10239.9799405246 -18804.8123860712 43680.8123494969 -38123.0191263709 -75165.7680484264 -105195.426740093 -90480.2804542457 239085.933137263 -76095.9451661604 155516.033842873 -51727.9541052645 -55628.0741502652 28772.5587956167 151756.105756061 -409941.641683671 -237705.193445228 -3904.22787885312 146864.380434809 91689.3637438602 -85433.5146337496 -1172.27449474691 -84673.7061640082 9635.02560111347 -43825.1299577675 -36472.1710999755 -32291.5508290894 43172.0663201157 -128625.798489096 -3471.71965209699 -40751.1125256764 -2696.34947787074 248078.073207559 -486196.6921087 -70351.9892644125 41362.2344844747 -14614.4440316031 -22876.4369353189 9597.42561900252 -27081.4448546955 -77089.7112799542 -17921.7007367162 -7410.41811258414 -3264.72634388886 -504148.89855218 19948.5957262144 -248429.111707249 11913.9309662363 -21063.0397379285 -176732.731209466 -54976.0702202169 -120952.501559852 -67968.264747132 -174926.071973461 -15258.5411080424 22600.5372453093 174277.17618996 -323211.617916947 -9621.17521081562 -421603.763998823 42823.721810409 122689.836627593 -768490.735458137 -22346.5636551661 35878.4152719876 -6580.25749571781 -172553.210462498 -47253.1678824611 -5367.58177052785 -51829.5125240235 276706.087018915 -1375.43647462342 -173944.940108451 -23241.0835875732 -9963.32621817829 -18612.8052787892 -14671.5681267261 -17964.834170363 -33851.1405917209 -4669.14249537262 -4558.2137199417 -147797.405576097 -28248.2372711715 10612.7515898283 113488.256204441 -1962128.82984719 -47909.2399845952 -28621.8052492211 -31911.4142276488 72886.5802159209 66414.27244803 -114707.834422402 127044.593669846 -1816667.39435907 253018.126515075 878168.154731721 507279.936452743 -280644.203916462 181817.301942568 -501170.940787502 599673.586882153 192374.578677685 -445710.862381655 167143.367169635 -1046537.40945747 -539107.636810844 -387088.524289389 -580065.909086287 234420.645574261 -804519.721663981 -375561.654907848 -135114.252049838 -406500.989667267 -190509.863739691 -136270.361665261 -233633.299817531 -569869.657211382 -406320.016873207 -728941.988113934 -660863.648237226 -4039599.03580198 -1567023.82243144 -992759.778575615 -498460.723459622 -657838.25689764 110850.219601366 73888.8928870597 -359196.597854899 -631914.099413253 -2408878.81464204 -476973.749339987 -686430.072511657 -3366547.61636329 -1053828.78340712 -216516.544039299 -419285.200127775 -126711.841928294 -951634.76128418 -2212414.03446843 -567057.358078899 -1767609.92601373 -490657.498902086 -187952.341520692 -2024472.21036957 -1331555.63404963 -843088.963680208 -1347140.44010515 -2095924.21215709 -628924.951796985 -3469284.66662108 -1179869.3712509 -448026.815982745 -678779.114043634 219200.504065854 -2807695.83194029 -431162.497572347 -1119182.53562666 -133720.175214377 171573.906080394 59081.4546547104 1022692.30524851 -362493.883229286 -229408.180358866 535941.383562017 -205982.830951816 -1957768.29611883 -277385.513840747 -651002.101532757 -3998375.35505464 32892.833456849 -615096.859567188 -500030.872777915 -3691700.21790256 -548802.308205335 -899384.608171557 -2160097.88241319 -1464858.50654825 -1864854.10161279 293169.850642701 -166441.702522322 121073.871611874 -122599.570693792 -360978.116028432 -3211132.77106563 -381597.477553109 -482394.350777901 -1338880.3600499 -299225.747443694 -612252.139570208 -727610.09815509 -4860306.77520817 -722440.259885789 -614557.642281255 -675650.115212336 -636541.150066441 -428323.926449228 -330475.694278549 -236749.582375491 -2378765.64872885 623231.10716148 2493547.59055928 2627914.84069812 2718035.94229552 5507973.71703151 1769519.78687351 1182360.49074227 3396048.41862221 1285379.32674069 2262108.00181085 989079.379941731 -86046.0015813965 -182666.287722863 -700121.978087806 -766615.466140577 -384218.444177371 -2070921.3778972 -2384629.5581741 -1594745.12468927 -4013185.66104172 -2113540.95917245 -2113653.98353224 -559788.41672413 -714713.584321164 -409467.098751719 -433655.667902863 -203926.419688931 -854789.388427353 -937399.984392546 -1477427.28572576 -3117434.92814882 -2171109.06223382 -2502651.10915043 -1217697.03736816 -1930829.93177299 -917657.195194426 136412.985781251 -593106.400782027 -887852.122664555 644451.454338052 311600.987481319 -272582.869653988 -15506.9647663062 -42490.9683928259 -200315.204430505 661592.021587847 -628244.858809904 -497818.905033141 -978452.336496107 -471852.719675544 -3700847.51662413 -1739456.73102041 -6381.96817705749 -331049.298945884 -479936.145021266 -2676078.93040443 -438326.345895537 -1259060.09746827 -624454.853651489 -31849.5706418247 -1255156.36415835 -200689.89885468 -421623.741522422 -435821.831290666 -514296.042759263 -201846.537839895 -2537945.61383882 -175628.634357335 -444200.116258331 -1281254.41942787 -1016167.20234665 -518632.456716944 -301389.98648596 -738395.629393449 -1630686.80138602 -442496.649643651 -1520837.63748437 -673440.491261458 -1454312.55958805 -2225530.02170094 -3106670.72943221 580265.576667809 -539859.23852345 352390.188463304 667838.225839511 582476.813561592 -69640.4698027372 -34917.7332915015 -57546.0077596925 -290333.597072437 -819024.224761722 -960493.333297373 -3185236.41711393 237698.757399803 -609627.986693508 -359584.463303974 -233144.216878327 1232047.11040645 738772.289271298 91704.8702617223 -634159.190382464 -1744994.87500276 -3514421.98842184 305254.077936745 -588007.280825963 -1509927.64432052 7388.61230904171 -227731.412373957 -513472.944429332 -787841.576904184 -165314.014608795 -360779.096048437 -368801.971087162 -1376512.35947044 -848389.365190227 -1026498.8765834 -712740.950512261 -158852.384717087 -527866.214554595 -424776.706876625 


Erro! Sistema não converge!
