# fgs12 Felipe Garcia de Souza
# 
# iter 1: 157832722.170354
# iter 2: 419960783.676214
# iter 3: 1303562184.49289
# iter 4: 2870145874.22598
# iter 5: 9130418250.40289
# iter 6: 27386741077.0068
# iter 7: 31364388576.5485
# iter 8: 93200113948.4785
# iter 9: 142320834830.567
# iter 10: 173050945902.678
# 
# Residuo: 87556.6328125 
# Tempo PC: 0.03756201171875 sec 
# Tempo iter: 0.101077392578125 sec 
# Tempo residuo: 0.02834716796875 sec 
# 
256
1.54613219411573e-316 6.94295089757779e-310 1.5484025245715e-316 1.5484025245715e-316 -267.543887534289 326.444681674774 32.5430495898949 465.937136269136 436.994360258711 334.909766823015 211.730542659045 161.265692646342 270.506575034802 137.373460489035 -709.671342456437 1183.7297230816 169.41712388651 -169.596134315363 -491.100731545007 119.90274096716 238.231055662996 3021.03478864798 -100.61080656267 70.1694730735468 -60.5223050959069 365.726300192553 226.473370570951 -118.326456020928 462.789224452568 -320.062013715568 36.6002849713638 436.798810739753 -4840.50849505929 -1012.94093535027 686.14727838411 261.878000185581 328.466793808431 3895.60300049321 299.160466526001 -91.5075230555696 459.514928103467 844.361476281193 -150.990981021446 311.078843697034 -750.526464894113 302.79608536727 597.939614403256 -702.363148090825 469.122163823944 1401.76090118718 -990.588876118714 319.007445855166 369.899873089043 833.35633291475 -308.8466497551 -1118.42267762378 240.154827394136 211.640376430269 347.906678033612 181.100542490162 46.9579283694008 -79.4401695582271 110.13588723891 -108.052613440649 4832.36976431705 -90.2401145653286 -302.69764801223 1733.45521919934 618.305867575041 406.059321945741 -945.484646604637 149.487885427213 -334.687645681634 -330.650365050558 1445.21198918231 -8.14052458027143 2427.82554846251 -283.278211716324 -664.862767263613 -107.263221101025 260.128699345209 235.909983728469 37.0210241673585 -24.3228075569182 -44.3336168124669 231.511917810939 89.77150905458 3882.73217716226 679.779610449776 -614.317913959651 997.462518738089 -1398.80283470682 -7.18874995821821 94.0894679100759 1375.21330728393 -252.299358290456 2119.98965686046 1318.40647881838 -99.0632240942938 -20.4918217454917 -50.4636792553667 -169.045453243914 3508.72229070719 3822.51317113415 187.036150864066 240.253375975984 -94.3330058199748 235.351259015484 -506.638794500176 4271.22245547628 338.416941710393 -253.936669889653 444.885335187953 334.446365136215 7.67507034043663 778.579470662438 298.262390754574 675.475654232623 -61.1627582080438 445.011568120663 -2376.80430887181 2094.16049303265 528.928587678149 -356.43560489349 103.711017001247 -447.121136832463 437.414452980807 818.391310901634 204.467548340752 -18.1105638658856 -38.7262140313625 -552.506883410742 91.233609406928 1424.6500198331 6173.37201216436 -384.413560557478 -1108.37572851771 108.857310137044 341.289876556655 189.684596962826 -151.489083587841 295.881793933497 169.5957102336 254.653845621965 -100.580005637612 1496.09660787335 700.240989705649 321.308304767391 -557.938021124874 -1226.5416958074 443.855561206497 162.318953666316 349.485550595419 -265.420466426896 105.946609764064 -135.500450402435 3689.14323629939 555.195198993044 -22228.7714671543 -140.214075697287 197.896407728205 1815.40462898664 2.82163207971761 2326.18153158593 247.821132364611 -655.91484168005 41.0141393911845 310.00347842801 304.240760413442 108.625990199846 64.7037788497957 263.779719656207 231.753909856521 4097.346675138 0.349572374317582 454.08060100839 215.528190458965 2098.64209504472 -2069.98552426236 -731.66015316153 2968.37631766288 3130.12884298328 -1321.12752648267 168.031369899054 -278.072458142848 558.327718043711 513.813054136523 1799.06734250065 406.409123579086 407.78154112976 343.171590801718 -122.099769543214 781.368203075013 -1209.94322854308 544.933568594129 377.127051234681 344.3120832131 805.552320129022 149.123708239544 -1199.43863119769 3533.66081983351 395.974993990844 297.256391627224 67.1160562847833 -179.516684859518 170.653562130671 -44.6618393886593 1726.2520514671 100.46482757812 2864.43074669113 -46.2687845986959 -1681.70781064879 209.684288456242 -283.056242150361 1095.75112781538 -132.663842205796 2778.90165502608 -622.998413857651 97.1454604943086 272.871678031648 642.724658809183 299.607417987519 -363.095759336627 996.500146021655 235.716527046709 -745.796564803786 1090.98136555739 3743.47254378555 61.1313606099599 -283.471209506235 -64.2853106045758 325.574554755978 3246.77304839058 -498.14471325408 253.099676410702 418.23027857208 262.679188741741 -369.669251866376 320.615582323954 636.007605880489 -145.066284168676 4202.19377734219 -1564.03390508097 3.54783731300846 503.357903884579 758.64221283079 5544.11079898235 -25478.0759203176 -134.840496311325 458.853630891393 1074.63924835218 103.949527793241 -194.397382958224 167.729684830656 5116.75937436489 279.268492312282 


Erro! Sistema não converge!
