# fgs12 Felipe Garcia de Souza
# 
# iter 1: 5229954988.42751
# iter 2: 27319596792.896
# iter 3: 45480302816.7837
# iter 4: 63906406410.6329
# iter 5: 140237438060.656
# iter 6: 373840741335.654
# iter 7: 691433602913.346
# iter 8: 1042850162301.5
# iter 9: 2004321293426.39
# iter 10: 2304843146326.55
# 
# Residuo: 1657566.25 
# Tempo PC: 31.4220498046875 sec 
# Tempo iter: 0.0086425048828125 sec 
# Tempo residuo: 32.1663491210938 sec 
# 
2000
6.91894905468692e-310 6.91894905468692e-310 3.34313827510911e-316 3.34313827510911e-316 52284.0801081715 101005.981284352 16164.1046326064 4433.09384328399 5395.24250826957 33577.7313577371 2075402.57178006 -47697.1343518866 2244605.63845108 -368164097114.57 -721152909585.827 -648293320037.109 28987.0406332181 -97956204714.0229 -107128.143988508 102832.232471143 -9536.43728613223 -311077.227802092 -42931.8830681001 -119512.757827524 56019.7524182937 -24044.7191393748 10667.0728333401 -61708.1024159335 -51409.1845359619 44216.6555214111 19068.6735907851 -253888.374608812 513595.55463205 -52387.4287287318 32285.6335993643 9585.42738774029 66154.4421869554 -144655.901329189 -16639.3527273033 -30543.0068179426 915.642039116597 20777.1246650147 -79461.9069725618 12619.9694866949 -352906.891986621 33658.5893427981 55726.6284574344 -16475.1116202115 -35411.9110641376 365829.105906566 -91256.8689818872 -19388.3722517791 85074.8133423774 -33013.2475166661 -230812.692189046 -15158.8103861706 25830.9159313836 49601.2007832114 -32791.4335350732 -40960.3705915612 -10639.8182642733 -7793.3773849916 72554.4913875497 -12510.1122079014 -189727.232023395 72306.0965168842 70738.6793776126 -516342.703340145 27598.8930487726 72048.2107564782 -302083.125590343 66831.7244198283 -39080.18297276 22472.2657825743 -109098.542968423 -107538.903125927 469506.390025454 3873.32961245063 156455.574387901 -35829.8913860773 34175.0429383074 -145773.867952822 26072.9221375458 8763.95603508167 -108129.14606015 -46950.306833764 -336.991075814605 45.6352631333629 69764.7845785273 -11920.8908517943 -223235.904310782 23889.7685375536 30896.1213134154 -188231.531620465 858810.908243005 -11530.2442220497 13687.450704388 180647.385162299 5759.21534396016 28919.5130978298 24178.0215391869 38123.0171016651 -214863.263211308 -202140.493101886 83309.4460538178 -50340.1799540249 20353.0875695859 -41270.3816730939 -40603.7889464712 -165429.848608953 31747.5960750395 98979.1298291781 -8427.86066272001 -161201.043342016 -40.8372242690657 -16239.2807472482 -39128.039158922 76837.424673506 -31441.7794922245 -42601.6496565093 -35486.2724734141 55610.2016819502 61771.3973569544 -73737.8008656027 -57747.6433053748 44526.5431751352 20355.3601267763 70865.7314269301 18831.2009628476 -140632.025238907 -73123.8627703132 -27521.3927440876 51409.284457006 -26493.2883567833 -166960.181032211 -206.352416824864 -90160.9256132795 76960.8152263308 59800.9457290718 8729.07496922298 -236237.707993317 11.7524244314934 10192.5828833613 34202.9922839176 10659.2316090829 -314078.7227336 -57774.3526174579 75139.6705414179 -265108.904348549 64871.0290412103 -59658.770215809 -13991.802785513 27856.8334103128 48586.1595736609 -145887.034527912 107936.011527871 31755.8214370171 8146.37324052962 719661.757496672 -88951.3683472542 1936350.41340215 -60073.4515937728 -1375467.3957864 9889.16030007549 -55472.3529104654 -52396.2763553241 -291886.777943903 -10444.2581918673 110215.485835787 -92932.2172621811 23209.2163368526 -28846.1256803305 30346.1241617322 -161872.2481181 51230.9244428954 -304.816703345386 19292.0837935099 -215252.531591807 -171095.029638371 -96678.6686418 116352.312687806 -133677.430948689 -47910.4498543235 29150.7224031686 20572.840057941 27659.5448614515 49276.2681109092 -228357.097318953 -27017.9850896322 20380.2088802994 7219.74789883219 -188028.242786809 40397.3527036483 -96081.5280166156 59477.6217490399 31694.2405501511 33698.8424420363 -113161.909646559 -8836.39513649616 98422.9520338928 -227088.537524267 63233.002216252 -15445.0139063045 14175.9512136413 -118555.968799661 52206.7443146522 -49312.2269941433 57666.5747041204 -82981.0644013475 282938.071783761 8665.39154085165 65015.3427794832 44213.7795327751 -31766.3099249902 -50700.2142673353 36429.9668833881 -94905.6309082455 -161341.444824364 51667.3794123483 38588.7144304916 -12505.6078628477 -54612.3537483407 20054.6093001026 -246037.152441453 88149.705487964 -39707.2204243294 106740.941050871 -32866.181331365 -41239.6573881096 -68895.593565622 9323.90167935593 32008.4181534826 18104.70881737 13581.9701772113 77108.9440129283 -229081.515163046 -53310.0283460945 -99611.781224948 52139.5053849095 -24617.9667334336 13876.9531918216 -283613.260657939 -24622.7360461167 -3263.555483919 8979.09896138545 -141660.687087848 -124638.60542748 -1447344.27282534 -159790.314301904 149701.232717441 -29940.0533237554 131532.334320703 3897.65920310912 -82494.1691496693 45617.7378501547 -180351.318365413 -73015.2442335454 20398.242874192 -11324.3578067011 30684.4408682984 45259.9958115576 -339701.831563935 31353.3190184032 -49299.9891920228 -298050.372623108 80503.553436069 -44057.3690644686 -165504.121476688 -46138.7372807881 19067.5891002247 -16258.9817655608 5955.03065482078 -23737.7769963838 95680.9990877925 88686.9499998578 -2902.6801508165 26667.6085499261 -19908.2007658163 13658.2188442707 -79940.0197519144 18368.7167057503 -48725.5675306447 156328.487776309 -48679.6865979165 -169188.402263988 -101577.503853584 -22301.0115667781 -9257.45135982204 -7343.83753739202 24703.9052651069 10943.2974991573 -16432.5535364179 87571.4622534017 -8214.46212806691 115364.192123591 59286.2170984198 -52803.9600084567 -89894.56093369 29468.5319913731 -92248.4311835184 -61234.1671461199 86873.3199182195 -70339.8789371297 -157361.977746229 -48096.7082980799 51337.6471410568 66765.527852878 -41155.5615662459 -33163.886715121 -24885.6280619633 52402.4015103035 -205592.90329367 29072.269726858 -58447.1075498528 8951.07445356494 -29168.9334408322 38911.9367828763 -173494.689322598 2064370.00102391 -879021.815471737 1168237.09898099 338000.420884735 2757832.00971838 4406851.9395297 1973892.21344658 1910314.33944696 -435508.986339774 1591477.07876396 -2795877.78569489 -3600362.88986791 -11324690.5801038 -3276713.93216463 -10537765.6040542 -4517311.93073316 -5459259.1149937 -14444076.0167693 -13828156.7073318 -21533883.2411379 -5401847.27907855 -10898320.1516694 -4129737.59911009 -10118499.0375167 -3344283.33794263 -1132287.4877376 1897056.52685441 -627695.141898939 -1454090.92506139 730864.21374514 935964.77030221 3020413.26573669 2173123.56969725 3447280.69283063 -564248.762368829 4590672.42684666 -1063522.74579746 2063680.45724006 -43738.6778981181 3830634.87449762 123693.739191193 -577320.906315718 684781.162126983 -49686.3958127241 1073956.23492504 -112297.114952003 -126994.864737829 -1016552.60785667 981230.159140851 2922391.03366303 -936408.170062801 -204283.660121099 2012212.25292914 -148303.560727516 298370.195321794 2277054.75098747 189967.726868899 499074.35499911 3310605.11321651 -2139198.32763675 -3592592.14972145 1929800.72375824 5941840.49750082 -1918616.0992529 -1805581.67981262 -2748732.37136999 -2953708.77767136 -2180319.61898038 -6244821.31879852 -7153597.67699177 -4708569.11515853 -2448343.43386008 -1818177.40954995 -1034915.1130115 1495071.70776934 3070160.51947391 733785.300335324 -67913.3873931108 -275503.044900173 205971.684792064 2448660.05565528 3545792.79313506 -507886.050305858 -1110486.84657599 1372659.24243605 5409714.55872141 3919592.89522056 -2256152.94599905 -222769.530369247 2640716.83225256 -1074469.64892051 -519956.553505315 450586.625543991 -23936.9856571882 954595.303120417 1049695.33709075 4946.49741700404 546034.678125243 -240773.678689925 345496.401344504 3032158.86089266 719206.29650393 373293.266198513 1158643.19880855 1410860.67027374 -1508133.31969377 5845322.69891425 277542.495436297 -1046442.59627913 2591414.50115008 1699002.00285874 340924.02163577 -413765.846975546 -2834174.47214439 -1080083.21813331 -12387563.5800097 -7151898.39770698 -1990137.55531099 -4315459.10848827 -4301030.56513514 -6767856.28134706 -2543328.3681501 -2747575.79423155 3189884.92290987 2420783.63338853 5046683.39833989 -955106.29839702 922054.672196664 2283701.77598434 2514331.38548672 2167373.33359444 2055851.09321087 211250.053918631 -1071247.29086127 998941.643996043 229238.282989198 2299321.49989529 -444522.685644516 5076365.08331782 -254153.963715733 -2361012.99912153 1257381.07723555 -1512756.20253545 116132.258217898 3506492.20967651 -1953902.73884433 1993554.82026769 -22239.6580079627 78717.1541091293 60871.774068242 110038.627405632 51444.9301981077 -208769.782241695 -6004.71511207284 -39409.4944307571 4560.0330480111 13453.6323583112 30816.2100115346 -106991.991354165 3559.97760118087 -103099.345055453 22004.8271019282 58914.5887290281 -29941.632459801 -276748.154860599 79637.1030777536 87265.1390838397 -178361.109795236 5325.79659502236 90148.85347659 -130862.149028459 18697.1925141608 -70283.1107979911 23714.3496230598 12284.7362540488 47389.7905292015 8203.35968236902 -12318.7707498465 42778.5540942771 -155675.03713562 -166506.105988387 -3785.39923170323 -38348.3935062745 -47385.2428475836 -24209.8401853038 -81805.089860306 6231.62241278722 76118.5791906205 -78355.1862522449 38178.1081618435 -8625.66304749237 -326437.469908019 -103624.854387454 -187580.385270751 -418.09580070956 -251047.535752578 -257809.816731654 -186607.102028045 134924.017382578 2341.59987033691 -8815.58262008105 -193908.953978387 -141125.404756668 16141.8684972506 102945.599751416 -161362.699234098 -294635.819762959 17134.8402864864 30801.9559722972 -213027.567908757 85136.0541163757 -120217.312824077 88476.5361737332 -99336.4801012767 -83054.8074983049 -70970.2763437116 -148812.354150997 71620.5857834668 -171642.131729002 -24821.4919134062 -36273.2645724575 72289.4126040902 20523.3477464261 -13954.5739138327 -229876.278727183 -38272.8313807791 37949.2099252103 -46516.3855345973 -44089.0053992763 -113738.009495112 39363.2354594091 -17024.1526910747 -7439.52121831119 -192736.566247765 57729.9787017897 -62553.6374915733 12375.0282827568 -57108.4078364399 15142.4847629956 -158767.758716788 -62141.6594471141 -373090.388602855 17008.8016664906 -108962.769723381 -75647.8219799418 -4236.22721975313 -60090.4687499891 -54530.9213788542 398256.862477981 -307495.31025109 263202.184322148 -74668.5265975434 -128059.106797819 -28004.9633467676 -1608.14713236642 -47710.0892897652 3746.81794034949 -54462.1707614132 -40153.5872413334 -208474.988508316 61436.5200252837 31724.2170436314 54173.5808824799 -6149.32511376498 -163801.935767267 226328.137461299 -226704.320506173 -105173.907332075 106062.771495002 -40578.5469706821 16558.7032318487 -21983.0680664358 -46130.5672144702 40883.8774057746 -41334.44989341 -62002.3541784229 -40123.7394113915 66563.5340715638 -101821.797656896 -52658.5522584245 112654.147319693 -142111.67955567 -102497.941102488 -136331.392563086 74978.6301025985 -26055.3390929116 94483.8872897597 -106602.67137007 -1167.30927400477 -15700.6064926505 11995.4049158313 1043.72520934483 -17812.9391374545 2980.35871162973 -155792.044440542 -37730.4817837618 -17595.654619742 43110.2638907686 -213222.444738218 356.506608025977 -23117.3306627633 643.377186025172 26659.84279395 7737.39009161371 -41809.6559741415 -12070.9142628497 -29757.6406450217 123525.151048488 -98039.8582564503 -90586.5665026555 10593.2040675972 -9527.78217383364 -42654.0374974713 52085.7457318306 -51170.2270222634 60715.9672590668 -65282.6893634694 -35163.4310933791 -51770.3089954609 -120548.238236958 56936.7480786996 49081.3721521764 70021.8871350162 -284373.720460498 -148668.272957033 -288786.736396348 59587.4747032256 53628.2704887191 -243200.649498541 28891.5519854475 -8041.14806852933 -63527.3408297758 -78491.5646888801 -10284.0715483129 -172313.394295765 71776.8557647467 -7859.49082411692 -224918.508076197 69894.9948306239 32551.1859464084 -89922.7338059446 -100035.176126269 100613.704999329 -188873.527180204 -62483.3428048907 37048.5346408547 912.628832035003 -12689.3545959528 8816.79967661266 57873.270529077 -7655.22072036876 -104268.943150989 -58140.7248743165 19249.3584343289 3085.56719307386 -96086.1502538387 16241.0447903767 -162878.977663546 -35206.0348180118 44408.7967326338 -87853.1467965656 1544.90483166513 -151389.72290058 17858.1323747527 39837.2850868334 -58690.8835248414 4221.51679835811 -26650.1596260352 -8874.0679261823 2755.77384659214 -73604.8386728901 635674.043053549 45420.53904902 96658.8155398406 1210.65369707198 -91894.6701278294 -10222.0562176727 127096.804380917 -93671.8689951954 3109.04296128505 -1553.90521887522 -92514.0714853663 64182.8418268512 -220537.603051834 21372.7598033759 -140111.580867481 -80795.782386892 -39536.9350609249 38326.3727823968 -84489.1840920088 -66552.7634627706 36672.6059468176 38452.7578838413 44671.9756121921 -6387.98637107674 -182295.611389744 -426105.558836103 -149065.268671123 -100637.432779519 34912.6758485233 -136508.862340898 37957.7822625629 36706.222772053 70053.3541389474 29070.9867050559 -78465.7898240132 -42084.334847567 40770.4043935043 78175.7620071515 -180.504189380085 -423.108706154122 -51650.9288942507 -81830.1919063327 18549.2494338645 -71198.7997264127 287.512889424917 -90415.0654496983 76813.0884062397 115884.477911462 4753.12015077744 77220.783936115 -84630.0171073392 41448.4855486442 -9956.08177083551 23954.94819325 -67782.375053993 64068.4628268603 -37816.7054527168 -11697.9137375996 -61259.1025148023 -8586.21197339603 -54826.580572336 -144482.591641607 79059.0127552242 -72190.9387914278 53062.3909760799 34990.0686036502 -79720.4411381325 11889.6990837976 -6042.3760011865 33309.2246081534 -66440.7338953467 -27175.0090051403 22808.4814516804 -134129.79107123 31496.0416251213 78494.1543342365 -41650.1464349303 4234214.71435571 27818.3145694036 -28729.7655030677 -95392.4385401395 65463.4677476709 -33880.2751946636 -181290.026212296 2373964.56433958 4896635.13627923 -227581.239852941 4401020.13500349 830974.924792989 869481.36174069 -462335.679087978 -940939.641101465 360815.701043408 3212821.98830694 3551790.6166572 2490450.76674579 2192672.31788572 414326.575992961 589979.232207734 -1146089.83465503 1277910.40067646 2695363.46061215 593841.728207856 1929679.42459743 839335.482075837 1463909.13078895 1284650.64971397 1903011.14860162 2635686.19995042 1809760.10333302 459004.341471543 428942.40633758 3680678.43187341 3458113.69961918 2267457.63393042 2573107.10288086 253015.565406261 1125726.05336031 -702749.65144722 -1430269.15335244 1307854.00756073 3144365.48494971 -219263.825085503 231032.113355911 4812434.34491708 -1460681.45961166 1203379.64147167 317379.731646768 128025.019813108 1489577.96018134 4175083.60954469 588119.191847394 3332920.18596583 455857.678248818 1074187.19215138 2239009.9927286 698684.966693174 -302451.851190298 660186.883087601 2471548.3354285 652857.478486101 3179403.85412312 2489151.97357363 518836.109912021 -667659.703978683 1817590.12607798 5347384.34246064 1893317.11770579 -399655.117892198 125863.058281926 -83385.3213268591 614146.829839963 1582876.25636032 3135845.82512637 1151467.28206447 -1198339.17084991 1682371.45462178 3456507.45238228 -1149545.33168665 -85799.4950709167 3706361.85023229 -667240.402746442 411058.300801687 1055555.47519732 3182535.69697956 2628629.13373749 1215708.93479416 260160.817615732 1419584.77335108 2722861.16414588 2714109.01361869 750571.674466958 1398259.95541371 -113071.103768651 -98101.7935378316 3508938.11924238 -783044.065086091 -1978275.98168544 2936969.7910262 -465834.851059775 1327162.43078241 37294.1804047568 5786896.35979139 -818078.523299954 649094.576067496 -1130644.01478111 -2021640.81080622 -2093121.63785951 -766068.162584177 -810631.929528945 -4661344.20600264 -3648427.85034672 -4921188.33663461 -7614667.02742289 -6496038.01489454 -14269333.1326581 -6077029.22457546 -4139098.38212775 -10394628.1629122 -5400747.76972985 -6358118.7623785 -2025746.07969691 -535026.662156783 -1213943.12060354 87818.5520832686 -179580.944271288 -368380.899748476 1400120.72849991 1036472.64431412 -3455123.97790123 1057073.1779858 1178310.30644244 2032670.49794795 251653.177129346 1277517.48037924 45274.0120400365 802569.085888866 -148059.930581044 403247.009340781 2211168.79122949 3414030.8091161 3253910.11752274 3259440.20568878 2848339.28484346 -81643.5021443744 2269322.68248847 1829131.38661989 2316536.35592615 1412701.08212084 -223695.764635907 1322005.18621029 2320255.05279593 -359041.092750877 3375993.28375718 1603456.9474516 -887776.241135378 2769019.44874904 -547220.285376775 3640.07718586608 350129.105340516 492242.3061663 6339458.68435327 3103431.84233701 3175639.91037884 -2101825.4150159 1476871.20808858 2785387.35260555 277377.831105633 1339666.46490921 1676477.70613376 340442.122897666 517263.774685476 130311.572119043 -577180.629251968 -255429.825391919 -530125.429594814 -1432579.97157324 259947.863576218 -1627032.75939245 -908381.74931944 620101.545901644 -467741.943788174 -122007.601363027 -1141358.8010716 -910842.767886888 -977385.352712472 -767040.43338265 993693.298920387 262347.147467252 1592271.27681281 2601434.35453381 2603503.74667676 3400410.16666596 -1374138.50435864 -1416228.76491427 1323827.60246269 717057.069235853 653824.96789084 1316825.59129246 479432.712843195 -439968.992701718 4004463.72973168 3126075.89147081 5929159.8003457 -24653.1164531445 11979.2512933244 -1521760.05766668 -1103341.19859953 2145301.49713088 1781074.76001506 1220077.20127849 566510.096243453 3661253.24980224 2521753.80320073 1619302.24533114 2573909.9011976 4933049.7165054 -738381.772260635 -292776.310360837 -120381.761009589 3827618.13202963 -954967.814254042 -345908.818643539 50012.0785231077 2175994.13283253 953489.051044485 1100593.20593801 298173.534615137 2789677.60636243 -250464.442407453 163796.69583865 -3023434.07876887 -932454.318087653 -745165.539817375 -1481793.44592737 -4793016.18537508 -1110426.06697274 -1054547.62229193 -1045685.21853994 -3299325.12643874 -1224056.67621266 -3050051.5354346 3543670.09036577 -937695.225235449 -407146.86287264 -297785.957544628 -1320810.70862548 1125696.22269137 4078765.79515072 3950205.06352938 -1477405.69065574 224695.746779285 1457941.07091392 646878.94864322 -1528510.89415444 5622673.1756224 2149649.22375618 -1383808.37772377 -1195363.60278162 2446215.78101557 1206022.39959517 1936827.78712947 270030.098358382 -2088597.0281187 -139423.972704613 -3403451.63075706 81571.2724768337 10914.6746885051 -358973.937609329 -789034.241279714 -2534221.12937232 1304592.19042371 171081.056138752 2239527.28970567 -118522.709348038 1750717.4926921 2881528.90908593 1401389.01733834 1110828.62578991 -673274.187889928 438325.238344354 258944.270042769 1809358.21723317 -855377.340526419 61069.1141370444 8100071.19802921 -1073786.39371044 3379788.82044499 -294714.493788362 -125043.204838155 3619947.27761738 3207623.2700092 -1561453.65202667 2235787.1079929 2875878.02933732 3094093.62401845 291458.174278852 1750847.72028903 2101080.55911247 1306296.51629584 664941.945748057 2233022.9426654 3017938.98636555 1352361.3280938 3452069.2628012 -1448970.88810893 -777153.47592935 -170613.512652915 4272717.90848793 104303.994728564 2461407.0991487 697562.719776514 175548.779671467 1097107.64440481 2311246.04619897 2126253.56377226 -1159862.00433856 2297295.98728859 4311307.34990046 6345621.96124578 -198969.729399886 -343514.561000114 1505276.69296548 -672403.254249354 1578977.81024269 1762509.898876 -1209287.5604469 4136422.45472601 820253.618907098 -951322.301917004 -1529166.27924187 -3935495.73686438 -3806290.75246745 -696113.542120463 -241637.270344801 -331391.56219968 -1275942.76637672 -408820.76100122 -1916552.97166904 147633.09864483 912676.867313483 253615.8125506 -902180.788552763 689185.415583152 -1229138.65677055 -1079341.79331796 5193198.41313608 -1702605.03377844 2532526.27618308 664932.817809454 626192.155854322 1941966.32728005 915625.885144727 3058861.98538272 -378999.580211819 4288792.46305136 2402158.62988329 114346.965509377 779740.092716428 1454182.99131955 2306222.7057625 3464536.38540942 995933.124174849 299125.380979168 -800389.803793826 2039238.7331174 -1510906.82799407 -2697216.81682648 -1037017.7761572 -422247.098609203 -674618.361256096 -1105581.22504341 -333516.154003213 -461618.348490899 1429344.26068078 1769987.65283947 37595.1518946498 289992.891772501 4001624.79966127 661787.90640902 803989.34060141 1676704.50071544 -526357.674714916 2210609.21111913 417737.095248588 951694.041185092 2117024.14245373 1239727.42667735 -27875.7409808061 463271.519311388 5095941.91084111 122584.189431732 454129.869461573 -1475318.45136073 916950.677086836 -3091758.29558419 20397067.7367723 6327061.06732813 34278344.5458984 150748179.427218 30776368.0363008 87599040.0439423 45471558.3899863 129781278.535065 95161697.8649496 32695764.9046754 20635057.3875259 2557857.9905785 4113618.67938527 4453212.59025822 -141440.006518287 1379173.13825081 368526.632745951 2335077.91852203 189041.131479971 2523179.80429584 -801051.39040096 1461821.35331506 -2896215.76237587 3122951.188996 1482675.1439356 5090469.11304451 -543114.745933024 743463.061151525 202669.065880523 1281162.43178447 588868.225262958 -172917.23675386 2573567.9512148 -1139787.47716594 861251.972498297 1336015.76747484 4700974.71234494 215121.999979735 -8009.26728135767 208442.770986565 -392158.32231458 -805383.423238752 -501769.155479786 6452476.33803769 56044.9663193633 2033625.0984096 -601805.986151787 3615080.91313205 -6188.84733735756 5678272.23897747 3504027.84704516 1729433.81023891 2062202.02505775 2171690.67840739 3709591.73811579 677441.661876324 1642014.48303802 1582620.0893562 -1216731.0594328 1723992.03068873 2164474.01909861 -3281661.26089856 -1164212.70688266 490972.123076059 -623237.957178648 -1145629.94018729 -179036.258672179 -1090594.96486482 2985386.61886 -1575300.46140244 -270813.490568278 -644281.660263813 -759583.324537369 2507719.02104749 -1796049.65972318 2696846.60959598 -561060.325915804 1418049.64433708 -169840.179015803 922936.703449477 -2238414.9634602 345889.942841646 3206706.95247982 -631117.469823873 3750427.13153136 -75710.3012878084 -1819428.84180242 -6371046.23196434 -19283994.9113092 -16635248.220536 -11268662.5281185 -58892704.4254001 -33837558.6951609 -37730014.6560689 -6698114.13103747 -4612228.61158289 -4126909.52346218 4054842.24925995 -1772735.62186578 -2041660.02564003 -3893771.76703025 -9705314.95368525 -6678037.041402 -2183420.38883491 -2516982.00394695 -15952675.5651276 -2804776.58136855 -636308.851834457 -815687.522130088 1777413.24137898 1839292.30690577 -2716633.89682744 460716.851668417 3702307.79634276 5765010.67944387 4979162.13131948 -213794.868834569 -719097.994962902 -117680.908185102 4649948.46354446 553472.061484354 -58049.5338047826 -31650.6670852836 276346.711385805 -36552.4512975088 659355.827279986 64764.1545566571 7268609.42923292 2716039.28595821 1095106.29505166 823274.486047721 2639308.93021076 3098806.16947205 1697082.59896854 -433680.850059813 -566551.274804349 3325115.42606677 -179347.551658128 -711830.212022825 28507.4369259166 638113.247560119 -812590.769445373 580411.748367215 -498895.888631761 -2216885.14203624 2980014.79843437 -646487.801201588 325398.719099325 -440375.528508238 603129.454542989 -125293.755623319 2363968.15816421 3574007.72259498 187664.261838889 1100714.16417561 -371014.266875405 4515367.39967956 1020011.36992221 997923.604896977 650808.581160725 291116.778114562 1143318.10589281 2250196.2587435 -2020477.13346385 2629395.49895268 3318970.11432649 -1169255.2853106 94628.8815239222 179773.017647885 4588805.71927178 3243960.0719979 -707618.019199491 -59059.8036958896 798394.171161073 2686702.770294 3441334.34816249 275428.509948231 2605085.82529949 1348684.63802544 162585.068488565 1310999.44670068 1783407.18916685 163573.559094948 -428038.970758715 9134163.51677565 -373187.070663707 -42929.4425020749 1009783.84416861 4822892.05088797 2459805.65169496 4772715.17080334 1021180.08523571 -901817.673308733 -43060.8430352037 5305372.28819796 -2561682.60670459 -2157155.3988848 3530635.31628344 5091825.67106971 -526864.521245795 2587144.27339831 5894875.22490133 786937.368379564 24191.7751625031 -63294.5891717797 3080931.69249446 -407351.399107043 -390509.200617039 2065278.24392515 2360557.8196898 1511334.96065268 2378197.65886692 19757.6514879395 2052388.11638903 -570224.902420181 240169.06668342 1112757.33831656 -180315.616508651 1953953.80428968 -652341.860444867 2454650.13141141 3702823.7030102 2662456.95744761 -91638.3887531136 -120123.870733655 -1157511.80287368 -57470.1226817586 5383432.80319211 -1724946.56470145 352195.74987519 274389.172510944 748415.177938695 -1835883.18666375 -5659863.01379468 -8918231.10211288 -1858636.48398404 -4267848.67094267 -4641832.43073394 -3208747.57151461 -457905.298495279 -373390.720273899 -1225189.10790475 1633488.78627782 -2562510.30286141 -139074.758077616 -786182.460887573 98983.1934361479 3067537.58935733 -137856.151806192 535601.244006845 303366.553120161 688792.625817267 210385.562363158 -1728548.75719456 -210467.589024742 -65827.9147716543 -141696.997311958 1912678.23913198 5323294.38028198 4038135.6482628 -370777.177801927 -1453677.5061787 218595.286598962 -592608.402403563 -555335.670021253 -1954319.6220927 -3611492.86832329 -1774541.7290134 -867909.390357112 -1761252.58750574 -3357667.71648992 -386878.669960387 -535092.884886115 -1596365.25020922 3180380.19212661 -729036.315380771 -695048.741365983 119326.07409421 -1679495.03627341 859640.968943754 -149529.062204396 87141.0638215573 704126.741170572 -1356816.54162087 -600721.667414986 -8040588.21098727 -846046.856374264 -2797634.73962884 -76472.0712490681 -649175.20275138 993608.258363994 -2367134.54286645 453963.987051029 141908.66808324 2741437.21100603 1595101.3548129 1873023.77467538 1874022.77962472 1627175.92609964 -192685.952857656 3149990.46840112 301230.314338844 -14148.1913944373 3601562.7488947 1811109.46348409 1740539.87942973 -114747.026683965 -182821.365095155 748130.859427639 4463774.1001835 914399.273407232 3093747.13176848 -138814.191201016 948500.551125639 1229341.69291763 -603471.418354345 2682669.95124065 3338488.72856371 619113.276850508 -545316.698604538 2198546.18018164 -384149.449537216 689640.166646731 1914055.41388767 4271621.97196236 687313.830966312 -324381.879027925 -1673103.3792185 -538268.526614843 -692482.572202861 4828070.52185813 1924429.56072729 1991091.64150053 4258298.97094801 915176.309188711 222660.365273056 -1111143.21668255 2457929.32954727 1420776.95290761 257952.673765469 1289317.27140021 2102727.27462665 -251904.046684217 -1510256.39628949 -545095.522342632 -6150200.22969504 -1641619.95357814 -1743635.18933107 -7730773.17814756 -4105188.22206774 -1728427.91773118 -560138.082697957 -465688.909936927 -144464.621689776 674088.060775147 4421814.94007039 -2137020.95044559 2109442.01381809 -1625501.24899054 3778063.22014504 2958090.23011674 890838.803830745 3155797.97194023 657761.175462893 730599.130051635 141109.761978134 3428310.57945706 317822.019942036 -202538.524337413 -1436904.59306592 -79535.9173656638 -443728.143833935 640437.64074089 -789226.700608559 3874445.52945373 5308229.14223683 1419701.47344195 1320388.32588497 2969537.67291599 595212.922112441 5137421.41493341 888544.825256839 1223842.16948353 4478323.51094413 1107953.17688575 940398.22052053 1321392.97592114 4563160.4014265 -287503.461479061 1852009.5190233 3790730.86776574 -191729.835321017 1549199.81693498 18738.3705391729 109454.298299956 5834960.76085379 5218909.84222549 618289.599029416 -1978682.24086105 -1363440.07948331 3359925.56660783 -645508.241271897 4858154.09213879 -804353.409262731 3499235.69306883 485605.651033064 4074534.22670986 816915.299640826 3068050.63177451 -163095.983140551 920946.847437203 1269140.45968144 267655.83618527 2829706.59921089 212312.586867053 4634470.108867 -173756.122849304 116445.467173035 1174857.69696065 -140227.475813135 -998468.301582027 39314.7083363734 -1521793.43383746 -763566.143292972 -146500.899547082 802564.387382094 1121973.02164541 194126.68556274 1132910.68097787 -2144939.09689261 -128293.395459088 1937378.03897585 405086.560926911 236796.171304009 769399.598938562 -1825577.23443054 3487165.11205065 4391483.05596362 540832.407769199 1530986.85799948 -675811.919794835 1244281.35087478 -1248874.8083875 519009.32783233 120197.362696532 -576219.817933892 1242095.49300434 2366807.44116068 839892.615258099 187176.823323654 1209747.71577784 1617704.70479017 1569387.08125955 2387201.61587109 168594.864041661 1465527.58853476 2859995.51210839 3356564.05538038 2578174.47728663 2946432.75181729 6160172.46627854 30773776.7442843 65859594.0036082 45755704.0702296 105140901.985048 25123099.1860124 18484681.0246625 18504052.615408 59599602.5049188 8702897.51372853 6504373.92255423 610682.056637147 4606272.16975768 -337269.676593882 -1869599.84726215 2744062.73569371 3480873.26613905 4428862.3810501 514635.340636442 -2527055.82527145 3161529.24517087 1186786.85268579 856897.171626678 3431542.79100374 5388793.08914723 -97712.7857653699 -1936721.21231516 -124680.325636853 132484.079700503 1918622.08469826 2163375.94873538 2091580.3039048 740131.29800859 -1758303.9566788 1171140.36565037 3017136.90036099 2584671.92438349 1286489.32992229 613226.730864789 2672336.11412406 -2177435.26212334 2832010.65276569 948449.168346125 -120347.900380577 3433360.71832285 1103424.60952558 -208340.970627781 556870.230999316 2067024.90328973 3797797.21018745 -1421993.42786542 1013781.47871266 3541317.77567697 2936509.96194391 1133258.28256564 1823475.81228803 519248.076494977 -343304.928228519 1949837.7679844 3980859.26748293 1086846.83860809 3385724.58539084 912136.749735571 3338075.73622056 -234279.684649549 861737.458412566 928302.858206729 1538903.77403076 986290.973096413 2062842.74598702 1175595.1371118 4096434.3641793 3253302.13005263 -1141410.09132371 3754527.98623364 -465877.223042505 1161731.78835518 -1568792.85352599 233561.089400178 6284835.10712064 -1283474.1126557 -666468.428757327 3361950.35169674 -486942.373666475 34715.7385474124 1481542.15031844 1900689.37665735 2260157.67739181 3074703.52307187 -704541.11770942 2016802.10485765 3295610.44902707 2565988.4152908 -975579.34799425 2503859.42969728 2754214.12557538 -82159.5093414192 3405986.68067585 1678531.16279276 670238.941954207 1179399.46692275 66454.7530614782 -151570.011066836 -987633.254857224 2490889.98370374 1287979.35905939 3698227.35818307 1343228.23204497 259635.007795266 -3383216.81642262 -10095843.8650275 -8457202.77683769 -12108339.4256506 -3404211.77447172 -6463820.97099932 -17283937.4472778 -5133343.11080838 -1917477.91818962 -975426.760148073 669292.797318066 -402552.321761261 -100248.252557456 1831364.17112169 3349378.10550882 1855448.45175278 1247915.7491763 703099.485586292 645870.342134211 2147784.79104988 878122.761075434 16477.8846140199 403303.519732662 898215.870008299 278310.176689946 3158901.66561342 3967026.71355253 -353959.093020812 1607156.21086909 -259435.202962361 -1123823.36533649 770133.602169271 -2561148.7090753 -5338603.16434674 -14048928.80901 -15563134.3971977 -4100557.01798155 -5849987.25161645 -12683887.4848458 -19267133.9007185 -14332238.0771698 -2335314.14417267 393013.917599935 -734925.4928034 -1591014.15028905 -740123.886290612 -1849731.13493632 -4515106.73830944 -18002372.1603208 -6106611.93933729 -2303148.19057584 -6273883.92567047 -2411720.10396075 -5205026.56139695 -822391.423329583 -1052321.88281584 -1975800.11035104 2945730.96808431 2765895.78666187 4261092.85478605 3493994.15923886 3780382.21474585 3519989.7761699 -240047.446081401 -453433.983840667 932472.015471153 755845.696124153 384540.557513993 468850.610732602 47905.1029526315 1486857.92493126 3545303.23335699 618045.687778588 2852663.38026212 3755192.07666477 801178.028459498 -294669.770811749 416227.907555778 4775246.31938113 -1842440.12491531 -1225186.12393605 -3358038.94777207 -5125461.69321075 -11039762.714313 -9993669.71518879 -8221510.97819132 -3422109.4517553 -9133487.50564922 -5542553.01917199 -2047667.45749065 -1885278.94031654 -3009690.61198302 -436542.461600935 3148552.62585938 -368128.962263095 3993201.65118832 -44877.3355559252 4461601.02775889 4046310.18715322 -33710.591589803 276022.908622855 3982402.12978854 -304489.546862422 -2094310.28378333 2537142.12181276 877808.695020977 -623086.521333495 2554707.84199184 2367753.06797028 -16759.7633380032 -411312.616395568 1963700.62002518 2019427.46299352 -39772.4257330715 -355136.569926713 174194.645746678 830229.107066658 -54727.0880135289 153667.107673464 -46259.0227358127 2970082.99497664 -714286.752792451 1445509.30943821 3726809.75845297 1101258.95953897 -56453.9213457107 3295179.25970066 -1769995.20037554 1330148.54177823 1535880.05437031 4772794.21373428 -256299.501179304 4197198.13928629 -675385.102047834 2285473.7759077 1087405.86566725 1607856.55538006 6591706.39715127 4391305.3874223 2479167.85951157 8027252.68684042 43376264.57987 19166826.9602709 69919629.440174 32177303.781799 36014037.6570821 11472299.8427915 4419806.96613755 5837687.42570707 866974.500614395 -435109.21028269 2086423.15935169 2068194.04615956 922810.342741017 969228.712364274 3383503.41231384 561383.575583836 1159996.37365831 298666.076400066 1345566.71119688 568638.342988477 37347.2024684955 331890.062396746 1612487.34178772 -2909050.7832369 2542530.5050143 1795952.90105609 -438699.057456316 684982.555125009 867620.62241103 3356327.85927006 2217240.2835203 1543567.03919704 706318.296443288 1633657.3535566 338889.131834272 3527281.61427491 408611.72121326 3474564.75075077 223248.710335344 4124419.62863657 -653950.182646277 906743.603099348 2318013.51047908 1437080.72822044 374095.599945619 3562994.72185247 4595292.71056386 21360.5456079913 2156936.61197512 -46728.7204596048 3407032.20102875 3489533.00254228 582191.7635561 728751.674666413 2551059.25929877 759193.419078327 5263418.28941131 3010997.5228199 250924.230749984 -65716.0905094799 3085948.48612265 4848533.73842999 2637031.40357046 1845233.95528174 583342.157403959 -1011118.44934836 3767329.77787286 4808786.89689549 -1518620.96885936 3779438.48040609 448007.295952736 862882.650386093 -701574.098318086 3740711.18540676 -938862.473510054 1963173.05112628 183562.283937665 268055.927209034 1182735.29788927 329107.516904861 32732.156336874 100432.340820123 -355359.357259556 3375582.08671737 -249620.47224385 2738590.53830959 556502.462508222 1755764.6054411 914.646812543615 2648129.53692671 -1085778.91683876 3438570.71323542 -1804932.62800069 1511294.84220245 2940480.50683181 -24102.8152148549 6232797.7119919 1057900.83690265 62586.0888369431 -216782.166423834 -973869.619346373 -2283361.7338218 4478518.35355624 3869794.30214737 1743015.53848108 3712148.67660591 3992852.43513236 1905577.54759258 399905.212844452 -1235016.23426849 3653369.95904466 801628.426801894 2273038.58575575 1639981.95223783 2306237.21722053 -223912.574291608 3507408.00335225 3850643.98020597 1756099.67670731 1367346.55491277 629770.899100301 60896.0688742833 -356290.749125266 2335847.63869158 1657566.19379314 


Erro! Sistema não converge!
