# fgs12 Felipe Garcia de Souza
# 
# iter 1: 706098051.748222
# iter 2: 2310929954.13059
# iter 3: 4224473755.12867
# iter 4: 17816018962.212
# iter 5: 60091329508.9895
# iter 6: 80623195042.1618
# iter 7: 162387031150.739
# iter 8: 208619749297.766
# iter 9: 442335185072.106
# iter 10: 632588141183.679
# 
# Residuo: 215406.90625 
# Tempo PC: 0.207211181640625 sec 
# Tempo iter: 0.101576196289062 sec 
# Tempo residuo: 0.20243310546875 sec 
# 
512
1.67787460095304e-316 6.90950019784571e-310 1.73245818300055e-316 1.73245818300055e-316 -557.294103312324 -232.221032142057 283.452468169669 486.918851746549 287.111669821048 263.721486343339 162.651121350859 94.460489256145 -289.267540263125 214.327819244522 134.829998721991 1362.99941832282 -163.259619856859 -249.078773750419 230.660580783706 -974.57571296639 23.6093944986588 7758.86946069367 620.572084819804 -977.212877908525 -605.311392052143 229.682083299095 379.762487471889 -274.673639757564 39.5965340417218 370.06156463769 169.952499040768 -515.455771516978 -6709.9888427992 458.736430438399 14.4385632575521 151.513106795832 102.604006941179 6762.95669375753 273.531611421299 -267.664097312005 467.190498323542 -94.8684759360978 -396.269552189234 258.131041684223 6049.68641598688 215.847574796321 -1516.91330757951 1740.43498567944 620.297210072208 1696.42234603623 -381.153353284803 -268.113865488382 118.768128482555 -877.205499130155 2608.65816054961 -629.193564005875 204.710458214463 -189.758630475565 415.87216907251 -403.023769338208 1712.68128183738 -635.297258886081 6038.98748758597 -288.057956028642 9409.65076576616 -1398.93890677561 -695.67872976122 7423.89156770399 587.845902683371 -121.132738271112 1055.56929202302 -321.748588894617 17.9983019535343 -80.599353998708 2177.59016213356 245.544538749538 -1795.57349435031 -344.703797692893 47.910142200349 374.898398094192 152.657794539628 1795.68370645045 -306.032104859571 -646.100268121606 483.134080061898 402.486837735566 -42.8579650128515 17.6967530560689 2603.19334811792 -345.693994379623 -765.830069185877 -603.975374511436 270.197673430741 -651.912792991477 4594.84105785633 167.222653351552 1413.53478910278 121.083396616098 -106.994293553889 -216.415795388503 328.498207086592 -422.379388208575 4284.80313090369 2412.57288495559 10.1487322520176 -1911.42906782646 -511.421433640974 52.1366611168662 519.502135622691 6868.05156944099 26.1281920559537 -925.734026804293 565.151008181085 452.507361723111 29.1793336944524 2369.88394731412 8.50984319657221 28.3954465901659 -517.219792409798 352.994536032963 1106.57439684622 2192.51174924423 -2580.97422549124 572.715216860765 32.6551908217606 -363.85999457472 -1458.56324573698 2051.89642577712 694.379671642917 892.708466064352 -1855.14144594811 -764.518094178003 95.9121927373842 2861.03155001763 2583.34605696919 -323.039951287885 -426.201971272115 -270.066259510567 181.235926616907 105.525906543595 1472.38666206563 327.775170813895 -989.197543376113 266.847520560765 34.8841343462419 5221.26707573284 243.05300183895 -162.720895031656 894.375357310421 -2149.22831254719 343.411453271962 -607.007629952757 623.279776170297 -54.1093630086989 221.077833404828 -980.848709305747 50.4761307538954 -48.2913863460375 -23524.2464308429 885.058099998741 -103.355364599906 198.619189439407 -525.755113012934 794.829135558802 95.8630247985566 516.79192894274 2.01407267582556 -265.234472200555 53.0895916794134 50.8910636539904 259.720141072684 61.0719743929637 57.8314054144375 2410.20824432808 139.851019921017 219.785549142449 -152.890770562374 -672.800186024641 714.652337087283 1800.4192367822 -742.683448254018 -685.910639862364 -1540.16232791264 3638.05536561405 -13.000149046874 145.021568291117 -47.9500556719586 -696.607211498166 581.355818529941 535.686427709796 41.9929366996346 763.591352422911 502.370530949734 -1234.9431071629 200.632410067719 308.123737562368 173.866947288904 709.604136753476 356.605676180331 177.237988398568 2180.97718966397 381.427705430034 2704.17995162771 -0.880991064183974 1250.78920620824 397.266481501007 1159.46242778782 -2373.50959066966 534.684072716231 -900.176081975188 1187.89074108329 2397.7748783453 572.841197357596 -110.888756944442 -703.411852687521 120.703145168053 1976.06484629514 -26.2270747662945 78.4364177394596 507.436738976518 13.8863449929946 865.043657358909 -194.794359647582 2748.25043178012 -79.3417217811572 -452.180617208977 -7.76686714775911 4893.53761692214 44.7979596543086 -11.9389062037413 -1227.25783178979 249.485947546029 1892.82036609352 -365.958037901031 1443.99577333852 -540.673905210314 86.787932916115 -839.639593493056 265.278670423731 643.556377658863 214.016470892128 -29.7792542638057 -660.675293966712 -138.874834913169 256.89724975715 1930.99487914662 6566.56415447243 -13479.1956826685 -439.332501751418 667.313747300943 1373.85815716017 298.111842881893 236.128454423672 -45.5323559223771 -750.675438607878 -316.615413668672 -315.222806491404 9009.39782213895 -1295.09100446049 -3068.94657336534 -1629.70139273924 6893.09545583145 -80.0069127166988 2705.03296389609 1075.72079134908 361.512301753437 -212.371453422608 -1631.06210719703 40.0290932569537 485.013440374751 2202.09933097885 174.547413370326 -27.1101946004008 -2163.70141529422 3810.50682961061 2.52870304409794 7259.8566953249 60.8227497232996 -166.235977661316 296.524351574367 364.859495569396 2.65962644285494 -2442.75717692247 1049.68361863181 2030.37856715028 2938.35462603508 -412.698316390611 31.4888758981015 298.026667472689 -346.19689742643 -402.971425400243 -821.900466002448 6195.33926987554 5753.03937547255 1392.52338194947 -591.882504831742 -243.505378582563 260.241224281598 745.532022323371 181.30725773347 42.4211185974545 122.057206971425 -3189.55439039317 3365.45555416616 -1275.62554109567 411.376903707283 263.940891601872 4285.89452214468 -61.2668868996925 3576.09718150725 -483.509008900461 5699.01187847599 -496.842889508988 -9.33918536319644 295.65513332303 453.626454993609 290.319182494685 483.808034397014 220.491260225801 216.847448141931 -1073.02252307328 343.478688319735 858.737416602159 -944.842197157995 -238.059322637295 1229.60766274472 -1005.32924927737 -3958.17683033102 3320.77409653267 -418.56016345171 -51.9961421331892 -191.335923468904 -4320.14910674737 81.7400964255677 -364.820333127766 284.135036915708 -343.679596353985 2582.44151810382 -256.200321250499 1772.08139997728 -835.544607227294 294.317962960204 -89.0664825010132 -187.346222156651 332.484234876919 280.119552275294 3398.32744921361 203.133733138376 306.409030998095 -56.5616236600933 314.919344805079 137.569801599075 259.682577301101 -565.373453368432 818.5685003235 348.926166803775 652.50495554714 -465.696860924234 2662.11096709857 353.865853617642 -459.564514416391 9.01182900772719 1549.21708508429 672.943785263427 -15.2599575152621 -1098.01690956986 -3227.8117757974 -395.831039150353 9867.95148581215 1008.09407684035 -513.441889756318 -126.975179282134 -649.305004297969 111.218268263861 41.4687610784496 712.535662583844 348.50761226074 -663.113268396582 4352.2368173999 -2949.85672915516 -437.18269505536 -532.306949112467 669.912564359407 4344.34216400733 -207.111463945553 -1355.42538277834 -400.931230314793 333.172709882592 -489.957623485544 981.954434639131 737.38603665251 4756.49985558678 -139.895208430782 -626.003262667721 115.09592687495 517.042276536555 462.310291487753 657.767909709865 649.521867515254 357.580184318379 -3414.95309941104 -156.190011794634 4429.69356876908 -1406.73988869847 -354.480525165459 1173.36615692545 561.15727340978 170.953509456298 2591.26459560697 -728.193653032426 66.2152175934798 869.860509117425 1573.70473144548 123.330258645262 -2159.80521351271 61.1984107860422 490.299668268042 41.0125836813895 33.7297708189517 2429.99305120589 -1486.55405250607 -38.1912436838377 8.20124148276136 -4312.29273104053 3024.82571593807 -131.0490846696 4574.47647597922 -576.690044453572 -1788.92954506973 9644.09582440827 292.540895254812 -1087.39464526323 -371.057151152578 -413.98605422547 2625.36472122569 -146.43392072828 -521.390717352312 -234.29381274632 3699.0766769227 -397.833046337348 2090.07285361963 -279.733387986988 271.21989500164 -64.2119281799814 -29383.1496123757 383.206183376818 1036.24899294731 186.847793107525 87.7536904711686 -702.897453030052 221.317068331485 -945.417700269565 793.54906302661 -482.196675854135 264.367952503554 1231.85999782855 -1783.07512222166 319.568078634801 -531.593134331577 5117.62837042377 150.510836069723 26.1073508578457 -410.87262327324 508.812835602421 481.628309153064 734.402873186324 -2223.71861391124 -148.279940456532 605.252408155172 3189.05817985675 7249.86898979997 387.588258116367 -576.157332823186 -61.6781521883973 109.466210671876 13.8868781336685 1324.98094308842 -247.744704266654 -548.585952149588 3230.74820016731 -412.048954891506 -103.350480862676 5451.4953344803 -825.722160780762 -764.878140510976 4425.4873083994 -478.68595404453 -619.710652231249 7417.33898356572 216.926535832811 -143.083737468464 160.386426630896 227.872994460183 69.4829395782346 231.720927010698 91.429632626121 208.210870271758 -403.675835048233 539.38933111844 -586.100028310337 293.841886036204 -127.323674594741 321.734862685534 -461.789357376546 163.458545592868 870.747330621463 -1500.94047293342 179.06971928252 -186.236565709505 7844.80069369395 -624.568021772636 1857.50453750262 


Erro! Sistema não converge!
