# fgs12 Felipe Garcia de Souza
# 
# Residuo: 18.6578540802002 
# Tempo PC: 0 sec 
# Tempo iter: 0.000190233456191196 sec 
# Tempo residuo: 0.031296142578125 sec 
# 
200
0.555859030526347 3.33429790733132 5.51321225431194 1.33313789360385 3.26932976423951 14.246017650213 -2.60646787865137 14.351470971903 -2.29131107381775 2.13423403507622 1.75659978929162 1.17175179440091 0.183019944376626 3.5570868356699 -2.30775569147231 1.38956077656486 1.64878057082656 0.329931076768619 -2.03881488036238 37.1297284328819 -0.231554639331305 0.803255818920523 2.5273037738054 -0.198241957052062 0.126082450667492 4.26735439184818 14.9918685954906 0.909865345867462 4.80166981710185 -0.285280240079379 0.56024826835304 0.611450618485652 -0.378384068454883 3.3425142690887 -2.74914478222967 13.224245854979 -1.60278333130478 0.505572653676036 1.02329875975377 2.59216049020539 -0.296080650756055 2.75438919042251 0.617990821275172 0.567621712637739 0.271842739242856 6.24105346760465 0.861206352168348 1.98390607414009 5.01815163727915 0.718623573374236 0.833596359073143 -0.409019207578149 3.00634340718224 1.25189161108654 0.437910544303366 2.87412864324248 -1.0764392226373 7.15804315472892 -6.64012073365425 2.06579527477281 -0.46428954438728 6.88787950708944 -4.70305858899985 18.8598599135146 3.07519159055895 4.81587436415169 1.99468203884603 0.273357666463861 4.73860781625493 0.273221175783527 -0.0713737385885476 1.66436064896106 -0.720211399373328 2.49513160772046 0.615567522662136 2.80339373469683 -4.38895914476112 45.0992900113383 -9.92882277887323 4.16778794129411 1.05784644052635 0.337610972932842 0.891913071974682 0.0771045696649613 1.70196045741445 2.8825061716379 -0.673692246203521 5.82263917280989 0.390716561357595 1.30325176008472 0.663234581575693 2.67033016116959 2.64766726025098 1.47046827147206 1.59841114005913 2.38533897776451 1.87862370059275 3.47833803699983 0.81025317522285 0.925854276834919 0.130205296227846 1.17059870279197 1.96005557123234 0.0636695008097557 1.38790451118949 5.99395057431512 1.12092727057127 0.609284044477252 2.9664080136157 2.94716373852729 1.13702483617469 16.202581502654 -94.5793604053011 86.2142186344266 -30.8559453384048 7.91306007085711 1.13545570389823 2.58211795780905 -0.563089037960147 1.53046799643852 -1.539526038276 4.21462646447295 1.55113451384297 -1.10357338596031 24.1934584219876 -1.48005800919175 2.06996225639569 3.65490087579336 -2.49195675107844 1.14165263023795 0.409643582938064 0.592827718857161 -1.02065946454236 27.3922985542005 -5.5234451771325 2.13533148889526 -2.88277396924483 30.286555378918 -69.8241010186477 21.9328918890501 5.24017983015411 6.67115201686262 -12.203526577807 11.0793739505072 2.25588127074688 0.515210498238315 0.270089705871291 4.16484003130582 6.81943730683566 0.562760803445288 0.645662822625504 1.16069530392365 3.27376377087054 1.69017191181767 0.936696464459132 1.36757631339706 -112.932222539381 22.7506829064636 -4.24344679375933 5.24298040418375 0.859911741872227 1.93563001041063 -0.513122236484906 17.670348586822 -18.1889797561471 6.96620579362727 1.14960092154871 1.44528131434769 3.27587624037373 -23.933307418714 130.814896308188 -7.83902796408846 1.62532638940006 0.955869218621691 1.84655329845087 3.85621168267592 0.851416098965614 2.58602959477646 1.25888357425393 -0.275440041309967 4.00008427585209 0.565396140590138 5.23953747651427 -31.4859671915257 181.5810447357 -10.4088671338963 13.0810494646678 7.94375674673432 -26.4634009428195 93.1779302046103 -33.6998767459156 16.2050355316856 0.248108531929556 -6.22077778790125 10.0289954835482 -3.62917961840188 7.7123396205093 -1.22712713155217 6.55845086493487 -0.4951927654543 

